/*--------------------------------*- C++ -*----------------------------------*\
| =========                 |                                                 |
| \\      /  F ield         | OpenFOAM: The Open Source CFD Toolbox           |
|  \\    /   O peration     | Version:  v1906                                 |
|   \\  /    A nd           | Web:      www.OpenFOAM.com                      |
|    \\/     M anipulation  |                                                 |
\*---------------------------------------------------------------------------*/
FoamFile
{
    version     2.0;
    format      ascii;
    class       faceList;
    location    "constant/nonLinearZone/polyMesh";
    object      faces;
}
// * * * * * * * * * * * * * * * * * * * * * * * * * * * * * * * * * * * * * //


2181
(
4(1 438 1312 875)
4(2 439 1313 876)
4(3 440 1314 877)
4(4 441 1315 878)
4(5 442 1316 879)
4(6 443 1317 880)
4(7 444 1318 881)
4(8 445 1319 882)
4(9 446 1320 883)
4(10 447 1321 884)
4(11 448 1322 885)
4(12 449 1323 886)
4(13 450 1324 887)
4(14 451 1325 888)
4(15 452 1326 889)
4(16 453 1327 890)
4(17 454 1328 891)
4(18 455 1329 892)
4(19 456 1330 893)
4(20 457 1331 894)
4(21 458 1332 895)
4(22 459 1333 896)
4(23 460 1334 897)
4(24 461 1335 898)
4(25 462 1336 899)
4(26 463 1337 900)
4(27 464 1338 901)
4(28 465 1339 902)
4(29 466 1340 903)
4(30 467 1341 904)
4(31 468 1342 905)
4(32 469 1343 906)
4(33 470 1344 907)
4(34 471 1345 908)
4(35 472 1346 909)
4(36 473 1347 910)
4(37 474 1348 911)
4(38 475 1349 912)
4(39 476 1350 913)
4(40 477 1351 914)
4(41 478 1352 915)
4(42 479 1353 916)
4(43 480 1354 917)
4(44 481 1355 918)
4(45 482 1356 919)
4(46 483 1357 920)
4(47 484 1358 921)
4(48 485 1359 922)
4(49 486 1360 923)
4(50 487 1361 924)
4(51 488 1362 925)
4(52 489 1363 926)
4(53 490 1364 927)
4(54 491 1365 928)
4(55 492 1366 929)
4(56 493 1367 930)
4(57 494 1368 931)
4(58 495 1369 932)
4(59 496 1370 933)
4(60 497 1371 934)
4(61 498 1372 935)
4(62 499 1373 936)
4(63 500 1374 937)
4(64 501 1375 938)
4(65 502 1376 939)
4(66 503 1377 940)
4(67 504 1378 941)
4(68 505 1379 942)
4(69 506 1380 943)
4(70 507 1381 944)
4(71 508 1382 945)
4(72 509 1383 946)
4(73 510 1384 947)
4(74 511 1385 948)
4(75 512 1386 949)
4(76 513 1387 950)
4(77 514 1388 951)
4(78 515 1389 952)
4(79 516 1390 953)
4(80 517 1391 954)
4(81 518 1392 955)
4(82 519 1393 956)
4(83 520 1394 957)
4(84 521 1395 958)
4(85 522 1396 959)
4(86 523 1397 960)
4(87 524 1398 961)
4(88 525 1399 962)
4(89 526 1400 963)
4(90 527 1401 964)
4(91 528 1402 965)
4(92 529 1403 966)
4(93 530 1404 967)
4(94 531 1405 968)
4(95 532 1406 969)
4(96 533 1407 970)
4(97 534 1408 971)
4(98 535 1409 972)
4(99 536 1410 973)
4(100 537 1411 974)
4(101 538 1412 975)
4(102 539 1413 976)
4(103 540 1414 977)
4(104 541 1415 978)
4(105 542 1416 979)
4(106 543 1417 980)
4(107 544 1418 981)
4(108 545 1419 982)
4(109 546 1420 983)
4(110 547 1421 984)
4(111 548 1422 985)
4(112 549 1423 986)
4(113 550 1424 987)
4(114 551 1425 988)
4(115 552 1426 989)
4(116 553 1427 990)
4(117 554 1428 991)
4(118 555 1429 992)
4(119 556 1430 993)
4(120 557 1431 994)
4(121 558 1432 995)
4(122 559 1433 996)
4(123 560 1434 997)
4(124 561 1435 998)
4(125 562 1436 999)
4(126 563 1437 1000)
4(127 564 1438 1001)
4(128 565 1439 1002)
4(129 566 1440 1003)
4(130 567 1441 1004)
4(131 568 1442 1005)
4(132 569 1443 1006)
4(133 570 1444 1007)
4(134 571 1445 1008)
4(135 572 1446 1009)
4(136 573 1447 1010)
4(137 574 1448 1011)
4(138 575 1449 1012)
4(139 576 1450 1013)
4(140 577 1451 1014)
4(141 578 1452 1015)
4(142 579 1453 1016)
4(143 580 1454 1017)
4(144 581 1455 1018)
4(145 582 1456 1019)
4(146 583 1457 1020)
4(147 584 1458 1021)
4(148 585 1459 1022)
4(149 586 1460 1023)
4(150 587 1461 1024)
4(151 588 1462 1025)
4(152 589 1463 1026)
4(153 590 1464 1027)
4(154 591 1465 1028)
4(155 592 1466 1029)
4(156 593 1467 1030)
4(157 594 1468 1031)
4(158 595 1469 1032)
4(159 596 1470 1033)
4(160 597 1471 1034)
4(161 598 1472 1035)
4(162 599 1473 1036)
4(163 600 1474 1037)
4(164 601 1475 1038)
4(165 602 1476 1039)
4(166 603 1477 1040)
4(167 604 1478 1041)
4(168 605 1479 1042)
4(169 606 1480 1043)
4(170 607 1481 1044)
4(171 608 1482 1045)
4(172 609 1483 1046)
4(173 610 1484 1047)
4(174 611 1485 1048)
4(175 612 1486 1049)
4(176 613 1487 1050)
4(177 614 1488 1051)
4(178 615 1489 1052)
4(179 616 1490 1053)
4(180 617 1491 1054)
4(181 618 1492 1055)
4(182 619 1493 1056)
4(183 620 1494 1057)
4(184 621 1495 1058)
4(185 622 1496 1059)
4(186 623 1497 1060)
4(187 624 1498 1061)
4(188 625 1499 1062)
4(189 626 1500 1063)
4(190 627 1501 1064)
4(191 628 1502 1065)
4(192 629 1503 1066)
4(193 630 1504 1067)
4(194 631 1505 1068)
4(195 632 1506 1069)
4(196 633 1507 1070)
4(197 634 1508 1071)
4(198 635 1509 1072)
4(199 636 1510 1073)
4(200 637 1511 1074)
4(201 638 1512 1075)
4(202 639 1513 1076)
4(203 640 1514 1077)
4(204 641 1515 1078)
4(205 642 1516 1079)
4(206 643 1517 1080)
4(207 644 1518 1081)
4(208 645 1519 1082)
4(209 646 1520 1083)
4(210 647 1521 1084)
4(211 648 1522 1085)
4(212 649 1523 1086)
4(213 650 1524 1087)
4(214 651 1525 1088)
4(215 652 1526 1089)
4(216 653 1527 1090)
4(217 654 1528 1091)
4(218 655 1529 1092)
4(219 656 1530 1093)
4(220 657 1531 1094)
4(221 658 1532 1095)
4(222 659 1533 1096)
4(223 660 1534 1097)
4(224 661 1535 1098)
4(225 662 1536 1099)
4(226 663 1537 1100)
4(227 664 1538 1101)
4(228 665 1539 1102)
4(229 666 1540 1103)
4(230 667 1541 1104)
4(231 668 1542 1105)
4(232 669 1543 1106)
4(233 670 1544 1107)
4(234 671 1545 1108)
4(235 672 1546 1109)
4(236 673 1547 1110)
4(237 674 1548 1111)
4(238 675 1549 1112)
4(239 676 1550 1113)
4(240 677 1551 1114)
4(241 678 1552 1115)
4(242 679 1553 1116)
4(243 680 1554 1117)
4(244 681 1555 1118)
4(245 682 1556 1119)
4(246 683 1557 1120)
4(247 684 1558 1121)
4(248 685 1559 1122)
4(249 686 1560 1123)
4(250 687 1561 1124)
4(251 688 1562 1125)
4(252 689 1563 1126)
4(253 690 1564 1127)
4(254 691 1565 1128)
4(255 692 1566 1129)
4(256 693 1567 1130)
4(257 694 1568 1131)
4(258 695 1569 1132)
4(259 696 1570 1133)
4(260 697 1571 1134)
4(261 698 1572 1135)
4(262 699 1573 1136)
4(263 700 1574 1137)
4(264 701 1575 1138)
4(265 702 1576 1139)
4(266 703 1577 1140)
4(267 704 1578 1141)
4(268 705 1579 1142)
4(269 706 1580 1143)
4(270 707 1581 1144)
4(271 708 1582 1145)
4(272 709 1583 1146)
4(273 710 1584 1147)
4(274 711 1585 1148)
4(275 712 1586 1149)
4(276 713 1587 1150)
4(277 714 1588 1151)
4(278 715 1589 1152)
4(279 716 1590 1153)
4(280 717 1591 1154)
4(281 718 1592 1155)
4(282 719 1593 1156)
4(283 720 1594 1157)
4(284 721 1595 1158)
4(285 722 1596 1159)
4(286 723 1597 1160)
4(287 724 1598 1161)
4(288 725 1599 1162)
4(289 726 1600 1163)
4(290 727 1601 1164)
4(291 728 1602 1165)
4(292 729 1603 1166)
4(293 730 1604 1167)
4(294 731 1605 1168)
4(295 732 1606 1169)
4(296 733 1607 1170)
4(297 734 1608 1171)
4(298 735 1609 1172)
4(299 736 1610 1173)
4(300 737 1611 1174)
4(301 738 1612 1175)
4(302 739 1613 1176)
4(303 740 1614 1177)
4(304 741 1615 1178)
4(305 742 1616 1179)
4(306 743 1617 1180)
4(307 744 1618 1181)
4(308 745 1619 1182)
4(309 746 1620 1183)
4(310 747 1621 1184)
4(311 748 1622 1185)
4(312 749 1623 1186)
4(313 750 1624 1187)
4(314 751 1625 1188)
4(315 752 1626 1189)
4(316 753 1627 1190)
4(317 754 1628 1191)
4(318 755 1629 1192)
4(319 756 1630 1193)
4(320 757 1631 1194)
4(321 758 1632 1195)
4(322 759 1633 1196)
4(323 760 1634 1197)
4(324 761 1635 1198)
4(325 762 1636 1199)
4(326 763 1637 1200)
4(327 764 1638 1201)
4(328 765 1639 1202)
4(329 766 1640 1203)
4(330 767 1641 1204)
4(331 768 1642 1205)
4(332 769 1643 1206)
4(333 770 1644 1207)
4(334 771 1645 1208)
4(335 772 1646 1209)
4(336 773 1647 1210)
4(337 774 1648 1211)
4(338 775 1649 1212)
4(339 776 1650 1213)
4(340 777 1651 1214)
4(341 778 1652 1215)
4(342 779 1653 1216)
4(343 780 1654 1217)
4(344 781 1655 1218)
4(345 782 1656 1219)
4(346 783 1657 1220)
4(347 784 1658 1221)
4(348 785 1659 1222)
4(349 786 1660 1223)
4(350 787 1661 1224)
4(351 788 1662 1225)
4(352 789 1663 1226)
4(353 790 1664 1227)
4(354 791 1665 1228)
4(355 792 1666 1229)
4(356 793 1667 1230)
4(357 794 1668 1231)
4(358 795 1669 1232)
4(359 796 1670 1233)
4(360 797 1671 1234)
4(361 798 1672 1235)
4(362 799 1673 1236)
4(363 800 1674 1237)
4(364 801 1675 1238)
4(365 802 1676 1239)
4(366 803 1677 1240)
4(367 804 1678 1241)
4(368 805 1679 1242)
4(369 806 1680 1243)
4(370 807 1681 1244)
4(371 808 1682 1245)
4(372 809 1683 1246)
4(373 810 1684 1247)
4(374 811 1685 1248)
4(375 812 1686 1249)
4(376 813 1687 1250)
4(377 814 1688 1251)
4(378 815 1689 1252)
4(379 816 1690 1253)
4(380 817 1691 1254)
4(381 818 1692 1255)
4(382 819 1693 1256)
4(383 820 1694 1257)
4(384 821 1695 1258)
4(385 822 1696 1259)
4(386 823 1697 1260)
4(387 824 1698 1261)
4(388 825 1699 1262)
4(389 826 1700 1263)
4(390 827 1701 1264)
4(391 828 1702 1265)
4(392 829 1703 1266)
4(393 830 1704 1267)
4(394 831 1705 1268)
4(395 832 1706 1269)
4(396 833 1707 1270)
4(397 834 1708 1271)
4(398 835 1709 1272)
4(399 836 1710 1273)
4(400 837 1711 1274)
4(401 838 1712 1275)
4(402 839 1713 1276)
4(403 840 1714 1277)
4(404 841 1715 1278)
4(405 842 1716 1279)
4(406 843 1717 1280)
4(407 844 1718 1281)
4(408 845 1719 1282)
4(409 846 1720 1283)
4(410 847 1721 1284)
4(411 848 1722 1285)
4(412 849 1723 1286)
4(413 850 1724 1287)
4(414 851 1725 1288)
4(415 852 1726 1289)
4(416 853 1727 1290)
4(417 854 1728 1291)
4(418 855 1729 1292)
4(419 856 1730 1293)
4(420 857 1731 1294)
4(421 858 1732 1295)
4(422 859 1733 1296)
4(423 860 1734 1297)
4(424 861 1735 1298)
4(425 862 1736 1299)
4(426 863 1737 1300)
4(427 864 1738 1301)
4(428 865 1739 1302)
4(429 866 1740 1303)
4(430 867 1741 1304)
4(431 868 1742 1305)
4(432 869 1743 1306)
4(433 870 1744 1307)
4(434 871 1745 1308)
4(435 872 1746 1309)
4(0 874 1311 437)
4(436 873 1747 1310)
4(437 1311 1312 438)
4(438 1312 1313 439)
4(439 1313 1314 440)
4(440 1314 1315 441)
4(441 1315 1316 442)
4(442 1316 1317 443)
4(443 1317 1318 444)
4(444 1318 1319 445)
4(445 1319 1320 446)
4(446 1320 1321 447)
4(447 1321 1322 448)
4(448 1322 1323 449)
4(449 1323 1324 450)
4(450 1324 1325 451)
4(451 1325 1326 452)
4(452 1326 1327 453)
4(453 1327 1328 454)
4(454 1328 1329 455)
4(455 1329 1330 456)
4(456 1330 1331 457)
4(457 1331 1332 458)
4(458 1332 1333 459)
4(459 1333 1334 460)
4(460 1334 1335 461)
4(461 1335 1336 462)
4(462 1336 1337 463)
4(463 1337 1338 464)
4(464 1338 1339 465)
4(465 1339 1340 466)
4(466 1340 1341 467)
4(467 1341 1342 468)
4(468 1342 1343 469)
4(469 1343 1344 470)
4(470 1344 1345 471)
4(471 1345 1346 472)
4(472 1346 1347 473)
4(473 1347 1348 474)
4(474 1348 1349 475)
4(475 1349 1350 476)
4(476 1350 1351 477)
4(477 1351 1352 478)
4(478 1352 1353 479)
4(479 1353 1354 480)
4(480 1354 1355 481)
4(481 1355 1356 482)
4(482 1356 1357 483)
4(483 1357 1358 484)
4(484 1358 1359 485)
4(485 1359 1360 486)
4(486 1360 1361 487)
4(487 1361 1362 488)
4(488 1362 1363 489)
4(489 1363 1364 490)
4(490 1364 1365 491)
4(491 1365 1366 492)
4(492 1366 1367 493)
4(493 1367 1368 494)
4(494 1368 1369 495)
4(495 1369 1370 496)
4(496 1370 1371 497)
4(497 1371 1372 498)
4(498 1372 1373 499)
4(499 1373 1374 500)
4(500 1374 1375 501)
4(501 1375 1376 502)
4(502 1376 1377 503)
4(503 1377 1378 504)
4(504 1378 1379 505)
4(505 1379 1380 506)
4(506 1380 1381 507)
4(507 1381 1382 508)
4(508 1382 1383 509)
4(509 1383 1384 510)
4(510 1384 1385 511)
4(511 1385 1386 512)
4(512 1386 1387 513)
4(513 1387 1388 514)
4(514 1388 1389 515)
4(515 1389 1390 516)
4(516 1390 1391 517)
4(517 1391 1392 518)
4(518 1392 1393 519)
4(519 1393 1394 520)
4(520 1394 1395 521)
4(521 1395 1396 522)
4(522 1396 1397 523)
4(523 1397 1398 524)
4(524 1398 1399 525)
4(525 1399 1400 526)
4(526 1400 1401 527)
4(527 1401 1402 528)
4(528 1402 1403 529)
4(529 1403 1404 530)
4(530 1404 1405 531)
4(531 1405 1406 532)
4(532 1406 1407 533)
4(533 1407 1408 534)
4(534 1408 1409 535)
4(535 1409 1410 536)
4(536 1410 1411 537)
4(537 1411 1412 538)
4(538 1412 1413 539)
4(539 1413 1414 540)
4(540 1414 1415 541)
4(541 1415 1416 542)
4(542 1416 1417 543)
4(543 1417 1418 544)
4(544 1418 1419 545)
4(545 1419 1420 546)
4(546 1420 1421 547)
4(547 1421 1422 548)
4(548 1422 1423 549)
4(549 1423 1424 550)
4(550 1424 1425 551)
4(551 1425 1426 552)
4(552 1426 1427 553)
4(553 1427 1428 554)
4(554 1428 1429 555)
4(555 1429 1430 556)
4(556 1430 1431 557)
4(557 1431 1432 558)
4(558 1432 1433 559)
4(559 1433 1434 560)
4(560 1434 1435 561)
4(561 1435 1436 562)
4(562 1436 1437 563)
4(563 1437 1438 564)
4(564 1438 1439 565)
4(565 1439 1440 566)
4(566 1440 1441 567)
4(567 1441 1442 568)
4(568 1442 1443 569)
4(569 1443 1444 570)
4(570 1444 1445 571)
4(571 1445 1446 572)
4(572 1446 1447 573)
4(573 1447 1448 574)
4(574 1448 1449 575)
4(575 1449 1450 576)
4(576 1450 1451 577)
4(577 1451 1452 578)
4(578 1452 1453 579)
4(579 1453 1454 580)
4(580 1454 1455 581)
4(581 1455 1456 582)
4(582 1456 1457 583)
4(583 1457 1458 584)
4(584 1458 1459 585)
4(585 1459 1460 586)
4(586 1460 1461 587)
4(587 1461 1462 588)
4(588 1462 1463 589)
4(589 1463 1464 590)
4(590 1464 1465 591)
4(591 1465 1466 592)
4(592 1466 1467 593)
4(593 1467 1468 594)
4(594 1468 1469 595)
4(595 1469 1470 596)
4(596 1470 1471 597)
4(597 1471 1472 598)
4(598 1472 1473 599)
4(599 1473 1474 600)
4(600 1474 1475 601)
4(601 1475 1476 602)
4(602 1476 1477 603)
4(603 1477 1478 604)
4(604 1478 1479 605)
4(605 1479 1480 606)
4(606 1480 1481 607)
4(607 1481 1482 608)
4(608 1482 1483 609)
4(609 1483 1484 610)
4(610 1484 1485 611)
4(611 1485 1486 612)
4(612 1486 1487 613)
4(613 1487 1488 614)
4(614 1488 1489 615)
4(615 1489 1490 616)
4(616 1490 1491 617)
4(617 1491 1492 618)
4(618 1492 1493 619)
4(619 1493 1494 620)
4(620 1494 1495 621)
4(621 1495 1496 622)
4(622 1496 1497 623)
4(623 1497 1498 624)
4(624 1498 1499 625)
4(625 1499 1500 626)
4(626 1500 1501 627)
4(627 1501 1502 628)
4(628 1502 1503 629)
4(629 1503 1504 630)
4(630 1504 1505 631)
4(631 1505 1506 632)
4(632 1506 1507 633)
4(633 1507 1508 634)
4(634 1508 1509 635)
4(635 1509 1510 636)
4(636 1510 1511 637)
4(637 1511 1512 638)
4(638 1512 1513 639)
4(639 1513 1514 640)
4(640 1514 1515 641)
4(641 1515 1516 642)
4(642 1516 1517 643)
4(643 1517 1518 644)
4(644 1518 1519 645)
4(645 1519 1520 646)
4(646 1520 1521 647)
4(647 1521 1522 648)
4(648 1522 1523 649)
4(649 1523 1524 650)
4(650 1524 1525 651)
4(651 1525 1526 652)
4(652 1526 1527 653)
4(653 1527 1528 654)
4(654 1528 1529 655)
4(655 1529 1530 656)
4(656 1530 1531 657)
4(657 1531 1532 658)
4(658 1532 1533 659)
4(659 1533 1534 660)
4(660 1534 1535 661)
4(661 1535 1536 662)
4(662 1536 1537 663)
4(663 1537 1538 664)
4(664 1538 1539 665)
4(665 1539 1540 666)
4(666 1540 1541 667)
4(667 1541 1542 668)
4(668 1542 1543 669)
4(669 1543 1544 670)
4(670 1544 1545 671)
4(671 1545 1546 672)
4(672 1546 1547 673)
4(673 1547 1548 674)
4(674 1548 1549 675)
4(675 1549 1550 676)
4(676 1550 1551 677)
4(677 1551 1552 678)
4(678 1552 1553 679)
4(679 1553 1554 680)
4(680 1554 1555 681)
4(681 1555 1556 682)
4(682 1556 1557 683)
4(683 1557 1558 684)
4(684 1558 1559 685)
4(685 1559 1560 686)
4(686 1560 1561 687)
4(687 1561 1562 688)
4(688 1562 1563 689)
4(689 1563 1564 690)
4(690 1564 1565 691)
4(691 1565 1566 692)
4(692 1566 1567 693)
4(693 1567 1568 694)
4(694 1568 1569 695)
4(695 1569 1570 696)
4(696 1570 1571 697)
4(697 1571 1572 698)
4(698 1572 1573 699)
4(699 1573 1574 700)
4(700 1574 1575 701)
4(701 1575 1576 702)
4(702 1576 1577 703)
4(703 1577 1578 704)
4(704 1578 1579 705)
4(705 1579 1580 706)
4(706 1580 1581 707)
4(707 1581 1582 708)
4(708 1582 1583 709)
4(709 1583 1584 710)
4(710 1584 1585 711)
4(711 1585 1586 712)
4(712 1586 1587 713)
4(713 1587 1588 714)
4(714 1588 1589 715)
4(715 1589 1590 716)
4(716 1590 1591 717)
4(717 1591 1592 718)
4(718 1592 1593 719)
4(719 1593 1594 720)
4(720 1594 1595 721)
4(721 1595 1596 722)
4(722 1596 1597 723)
4(723 1597 1598 724)
4(724 1598 1599 725)
4(725 1599 1600 726)
4(726 1600 1601 727)
4(727 1601 1602 728)
4(728 1602 1603 729)
4(729 1603 1604 730)
4(730 1604 1605 731)
4(731 1605 1606 732)
4(732 1606 1607 733)
4(733 1607 1608 734)
4(734 1608 1609 735)
4(735 1609 1610 736)
4(736 1610 1611 737)
4(737 1611 1612 738)
4(738 1612 1613 739)
4(739 1613 1614 740)
4(740 1614 1615 741)
4(741 1615 1616 742)
4(742 1616 1617 743)
4(743 1617 1618 744)
4(744 1618 1619 745)
4(745 1619 1620 746)
4(746 1620 1621 747)
4(747 1621 1622 748)
4(748 1622 1623 749)
4(749 1623 1624 750)
4(750 1624 1625 751)
4(751 1625 1626 752)
4(752 1626 1627 753)
4(753 1627 1628 754)
4(754 1628 1629 755)
4(755 1629 1630 756)
4(756 1630 1631 757)
4(757 1631 1632 758)
4(758 1632 1633 759)
4(759 1633 1634 760)
4(760 1634 1635 761)
4(761 1635 1636 762)
4(762 1636 1637 763)
4(763 1637 1638 764)
4(764 1638 1639 765)
4(765 1639 1640 766)
4(766 1640 1641 767)
4(767 1641 1642 768)
4(768 1642 1643 769)
4(769 1643 1644 770)
4(770 1644 1645 771)
4(771 1645 1646 772)
4(772 1646 1647 773)
4(773 1647 1648 774)
4(774 1648 1649 775)
4(775 1649 1650 776)
4(776 1650 1651 777)
4(777 1651 1652 778)
4(778 1652 1653 779)
4(779 1653 1654 780)
4(780 1654 1655 781)
4(781 1655 1656 782)
4(782 1656 1657 783)
4(783 1657 1658 784)
4(784 1658 1659 785)
4(785 1659 1660 786)
4(786 1660 1661 787)
4(787 1661 1662 788)
4(788 1662 1663 789)
4(789 1663 1664 790)
4(790 1664 1665 791)
4(791 1665 1666 792)
4(792 1666 1667 793)
4(793 1667 1668 794)
4(794 1668 1669 795)
4(795 1669 1670 796)
4(796 1670 1671 797)
4(797 1671 1672 798)
4(798 1672 1673 799)
4(799 1673 1674 800)
4(800 1674 1675 801)
4(801 1675 1676 802)
4(802 1676 1677 803)
4(803 1677 1678 804)
4(804 1678 1679 805)
4(805 1679 1680 806)
4(806 1680 1681 807)
4(807 1681 1682 808)
4(808 1682 1683 809)
4(809 1683 1684 810)
4(810 1684 1685 811)
4(811 1685 1686 812)
4(812 1686 1687 813)
4(813 1687 1688 814)
4(814 1688 1689 815)
4(815 1689 1690 816)
4(816 1690 1691 817)
4(817 1691 1692 818)
4(818 1692 1693 819)
4(819 1693 1694 820)
4(820 1694 1695 821)
4(821 1695 1696 822)
4(822 1696 1697 823)
4(823 1697 1698 824)
4(824 1698 1699 825)
4(825 1699 1700 826)
4(826 1700 1701 827)
4(827 1701 1702 828)
4(828 1702 1703 829)
4(829 1703 1704 830)
4(830 1704 1705 831)
4(831 1705 1706 832)
4(832 1706 1707 833)
4(833 1707 1708 834)
4(834 1708 1709 835)
4(835 1709 1710 836)
4(836 1710 1711 837)
4(837 1711 1712 838)
4(838 1712 1713 839)
4(839 1713 1714 840)
4(840 1714 1715 841)
4(841 1715 1716 842)
4(842 1716 1717 843)
4(843 1717 1718 844)
4(844 1718 1719 845)
4(845 1719 1720 846)
4(846 1720 1721 847)
4(847 1721 1722 848)
4(848 1722 1723 849)
4(849 1723 1724 850)
4(850 1724 1725 851)
4(851 1725 1726 852)
4(852 1726 1727 853)
4(853 1727 1728 854)
4(854 1728 1729 855)
4(855 1729 1730 856)
4(856 1730 1731 857)
4(857 1731 1732 858)
4(858 1732 1733 859)
4(859 1733 1734 860)
4(860 1734 1735 861)
4(861 1735 1736 862)
4(862 1736 1737 863)
4(863 1737 1738 864)
4(864 1738 1739 865)
4(865 1739 1740 866)
4(866 1740 1741 867)
4(867 1741 1742 868)
4(868 1742 1743 869)
4(869 1743 1744 870)
4(870 1744 1745 871)
4(871 1745 1746 872)
4(872 1746 1747 873)
4(0 1 875 874)
4(1 2 876 875)
4(2 3 877 876)
4(3 4 878 877)
4(4 5 879 878)
4(5 6 880 879)
4(6 7 881 880)
4(7 8 882 881)
4(8 9 883 882)
4(9 10 884 883)
4(10 11 885 884)
4(11 12 886 885)
4(12 13 887 886)
4(13 14 888 887)
4(14 15 889 888)
4(15 16 890 889)
4(16 17 891 890)
4(17 18 892 891)
4(18 19 893 892)
4(19 20 894 893)
4(20 21 895 894)
4(21 22 896 895)
4(22 23 897 896)
4(23 24 898 897)
4(24 25 899 898)
4(25 26 900 899)
4(26 27 901 900)
4(27 28 902 901)
4(28 29 903 902)
4(29 30 904 903)
4(30 31 905 904)
4(31 32 906 905)
4(32 33 907 906)
4(33 34 908 907)
4(34 35 909 908)
4(35 36 910 909)
4(36 37 911 910)
4(37 38 912 911)
4(38 39 913 912)
4(39 40 914 913)
4(40 41 915 914)
4(41 42 916 915)
4(42 43 917 916)
4(43 44 918 917)
4(44 45 919 918)
4(45 46 920 919)
4(46 47 921 920)
4(47 48 922 921)
4(48 49 923 922)
4(49 50 924 923)
4(50 51 925 924)
4(51 52 926 925)
4(52 53 927 926)
4(53 54 928 927)
4(54 55 929 928)
4(55 56 930 929)
4(56 57 931 930)
4(57 58 932 931)
4(58 59 933 932)
4(59 60 934 933)
4(60 61 935 934)
4(61 62 936 935)
4(62 63 937 936)
4(63 64 938 937)
4(64 65 939 938)
4(65 66 940 939)
4(66 67 941 940)
4(67 68 942 941)
4(68 69 943 942)
4(69 70 944 943)
4(70 71 945 944)
4(71 72 946 945)
4(72 73 947 946)
4(73 74 948 947)
4(74 75 949 948)
4(75 76 950 949)
4(76 77 951 950)
4(77 78 952 951)
4(78 79 953 952)
4(79 80 954 953)
4(80 81 955 954)
4(81 82 956 955)
4(82 83 957 956)
4(83 84 958 957)
4(84 85 959 958)
4(85 86 960 959)
4(86 87 961 960)
4(87 88 962 961)
4(88 89 963 962)
4(89 90 964 963)
4(90 91 965 964)
4(91 92 966 965)
4(92 93 967 966)
4(93 94 968 967)
4(94 95 969 968)
4(95 96 970 969)
4(96 97 971 970)
4(97 98 972 971)
4(98 99 973 972)
4(99 100 974 973)
4(100 101 975 974)
4(101 102 976 975)
4(102 103 977 976)
4(103 104 978 977)
4(104 105 979 978)
4(105 106 980 979)
4(106 107 981 980)
4(107 108 982 981)
4(108 109 983 982)
4(109 110 984 983)
4(110 111 985 984)
4(111 112 986 985)
4(112 113 987 986)
4(113 114 988 987)
4(114 115 989 988)
4(115 116 990 989)
4(116 117 991 990)
4(117 118 992 991)
4(118 119 993 992)
4(119 120 994 993)
4(120 121 995 994)
4(121 122 996 995)
4(122 123 997 996)
4(123 124 998 997)
4(124 125 999 998)
4(125 126 1000 999)
4(126 127 1001 1000)
4(127 128 1002 1001)
4(128 129 1003 1002)
4(129 130 1004 1003)
4(130 131 1005 1004)
4(131 132 1006 1005)
4(132 133 1007 1006)
4(133 134 1008 1007)
4(134 135 1009 1008)
4(135 136 1010 1009)
4(136 137 1011 1010)
4(137 138 1012 1011)
4(138 139 1013 1012)
4(139 140 1014 1013)
4(140 141 1015 1014)
4(141 142 1016 1015)
4(142 143 1017 1016)
4(143 144 1018 1017)
4(144 145 1019 1018)
4(145 146 1020 1019)
4(146 147 1021 1020)
4(147 148 1022 1021)
4(148 149 1023 1022)
4(149 150 1024 1023)
4(150 151 1025 1024)
4(151 152 1026 1025)
4(152 153 1027 1026)
4(153 154 1028 1027)
4(154 155 1029 1028)
4(155 156 1030 1029)
4(156 157 1031 1030)
4(157 158 1032 1031)
4(158 159 1033 1032)
4(159 160 1034 1033)
4(160 161 1035 1034)
4(161 162 1036 1035)
4(162 163 1037 1036)
4(163 164 1038 1037)
4(164 165 1039 1038)
4(165 166 1040 1039)
4(166 167 1041 1040)
4(167 168 1042 1041)
4(168 169 1043 1042)
4(169 170 1044 1043)
4(170 171 1045 1044)
4(171 172 1046 1045)
4(172 173 1047 1046)
4(173 174 1048 1047)
4(174 175 1049 1048)
4(175 176 1050 1049)
4(176 177 1051 1050)
4(177 178 1052 1051)
4(178 179 1053 1052)
4(179 180 1054 1053)
4(180 181 1055 1054)
4(181 182 1056 1055)
4(182 183 1057 1056)
4(183 184 1058 1057)
4(184 185 1059 1058)
4(185 186 1060 1059)
4(186 187 1061 1060)
4(187 188 1062 1061)
4(188 189 1063 1062)
4(189 190 1064 1063)
4(190 191 1065 1064)
4(191 192 1066 1065)
4(192 193 1067 1066)
4(193 194 1068 1067)
4(194 195 1069 1068)
4(195 196 1070 1069)
4(196 197 1071 1070)
4(197 198 1072 1071)
4(198 199 1073 1072)
4(199 200 1074 1073)
4(200 201 1075 1074)
4(201 202 1076 1075)
4(202 203 1077 1076)
4(203 204 1078 1077)
4(204 205 1079 1078)
4(205 206 1080 1079)
4(206 207 1081 1080)
4(207 208 1082 1081)
4(208 209 1083 1082)
4(209 210 1084 1083)
4(210 211 1085 1084)
4(211 212 1086 1085)
4(212 213 1087 1086)
4(213 214 1088 1087)
4(214 215 1089 1088)
4(215 216 1090 1089)
4(216 217 1091 1090)
4(217 218 1092 1091)
4(218 219 1093 1092)
4(219 220 1094 1093)
4(220 221 1095 1094)
4(221 222 1096 1095)
4(222 223 1097 1096)
4(223 224 1098 1097)
4(224 225 1099 1098)
4(225 226 1100 1099)
4(226 227 1101 1100)
4(227 228 1102 1101)
4(228 229 1103 1102)
4(229 230 1104 1103)
4(230 231 1105 1104)
4(231 232 1106 1105)
4(232 233 1107 1106)
4(233 234 1108 1107)
4(234 235 1109 1108)
4(235 236 1110 1109)
4(236 237 1111 1110)
4(237 238 1112 1111)
4(238 239 1113 1112)
4(239 240 1114 1113)
4(240 241 1115 1114)
4(241 242 1116 1115)
4(242 243 1117 1116)
4(243 244 1118 1117)
4(244 245 1119 1118)
4(245 246 1120 1119)
4(246 247 1121 1120)
4(247 248 1122 1121)
4(248 249 1123 1122)
4(249 250 1124 1123)
4(250 251 1125 1124)
4(251 252 1126 1125)
4(252 253 1127 1126)
4(253 254 1128 1127)
4(254 255 1129 1128)
4(255 256 1130 1129)
4(256 257 1131 1130)
4(257 258 1132 1131)
4(258 259 1133 1132)
4(259 260 1134 1133)
4(260 261 1135 1134)
4(261 262 1136 1135)
4(262 263 1137 1136)
4(263 264 1138 1137)
4(264 265 1139 1138)
4(265 266 1140 1139)
4(266 267 1141 1140)
4(267 268 1142 1141)
4(268 269 1143 1142)
4(269 270 1144 1143)
4(270 271 1145 1144)
4(271 272 1146 1145)
4(272 273 1147 1146)
4(273 274 1148 1147)
4(274 275 1149 1148)
4(275 276 1150 1149)
4(276 277 1151 1150)
4(277 278 1152 1151)
4(278 279 1153 1152)
4(279 280 1154 1153)
4(280 281 1155 1154)
4(281 282 1156 1155)
4(282 283 1157 1156)
4(283 284 1158 1157)
4(284 285 1159 1158)
4(285 286 1160 1159)
4(286 287 1161 1160)
4(287 288 1162 1161)
4(288 289 1163 1162)
4(289 290 1164 1163)
4(290 291 1165 1164)
4(291 292 1166 1165)
4(292 293 1167 1166)
4(293 294 1168 1167)
4(294 295 1169 1168)
4(295 296 1170 1169)
4(296 297 1171 1170)
4(297 298 1172 1171)
4(298 299 1173 1172)
4(299 300 1174 1173)
4(300 301 1175 1174)
4(301 302 1176 1175)
4(302 303 1177 1176)
4(303 304 1178 1177)
4(304 305 1179 1178)
4(305 306 1180 1179)
4(306 307 1181 1180)
4(307 308 1182 1181)
4(308 309 1183 1182)
4(309 310 1184 1183)
4(310 311 1185 1184)
4(311 312 1186 1185)
4(312 313 1187 1186)
4(313 314 1188 1187)
4(314 315 1189 1188)
4(315 316 1190 1189)
4(316 317 1191 1190)
4(317 318 1192 1191)
4(318 319 1193 1192)
4(319 320 1194 1193)
4(320 321 1195 1194)
4(321 322 1196 1195)
4(322 323 1197 1196)
4(323 324 1198 1197)
4(324 325 1199 1198)
4(325 326 1200 1199)
4(326 327 1201 1200)
4(327 328 1202 1201)
4(328 329 1203 1202)
4(329 330 1204 1203)
4(330 331 1205 1204)
4(331 332 1206 1205)
4(332 333 1207 1206)
4(333 334 1208 1207)
4(334 335 1209 1208)
4(335 336 1210 1209)
4(336 337 1211 1210)
4(337 338 1212 1211)
4(338 339 1213 1212)
4(339 340 1214 1213)
4(340 341 1215 1214)
4(341 342 1216 1215)
4(342 343 1217 1216)
4(343 344 1218 1217)
4(344 345 1219 1218)
4(345 346 1220 1219)
4(346 347 1221 1220)
4(347 348 1222 1221)
4(348 349 1223 1222)
4(349 350 1224 1223)
4(350 351 1225 1224)
4(351 352 1226 1225)
4(352 353 1227 1226)
4(353 354 1228 1227)
4(354 355 1229 1228)
4(355 356 1230 1229)
4(356 357 1231 1230)
4(357 358 1232 1231)
4(358 359 1233 1232)
4(359 360 1234 1233)
4(360 361 1235 1234)
4(361 362 1236 1235)
4(362 363 1237 1236)
4(363 364 1238 1237)
4(364 365 1239 1238)
4(365 366 1240 1239)
4(366 367 1241 1240)
4(367 368 1242 1241)
4(368 369 1243 1242)
4(369 370 1244 1243)
4(370 371 1245 1244)
4(371 372 1246 1245)
4(372 373 1247 1246)
4(373 374 1248 1247)
4(374 375 1249 1248)
4(375 376 1250 1249)
4(376 377 1251 1250)
4(377 378 1252 1251)
4(378 379 1253 1252)
4(379 380 1254 1253)
4(380 381 1255 1254)
4(381 382 1256 1255)
4(382 383 1257 1256)
4(383 384 1258 1257)
4(384 385 1259 1258)
4(385 386 1260 1259)
4(386 387 1261 1260)
4(387 388 1262 1261)
4(388 389 1263 1262)
4(389 390 1264 1263)
4(390 391 1265 1264)
4(391 392 1266 1265)
4(392 393 1267 1266)
4(393 394 1268 1267)
4(394 395 1269 1268)
4(395 396 1270 1269)
4(396 397 1271 1270)
4(397 398 1272 1271)
4(398 399 1273 1272)
4(399 400 1274 1273)
4(400 401 1275 1274)
4(401 402 1276 1275)
4(402 403 1277 1276)
4(403 404 1278 1277)
4(404 405 1279 1278)
4(405 406 1280 1279)
4(406 407 1281 1280)
4(407 408 1282 1281)
4(408 409 1283 1282)
4(409 410 1284 1283)
4(410 411 1285 1284)
4(411 412 1286 1285)
4(412 413 1287 1286)
4(413 414 1288 1287)
4(414 415 1289 1288)
4(415 416 1290 1289)
4(416 417 1291 1290)
4(417 418 1292 1291)
4(418 419 1293 1292)
4(419 420 1294 1293)
4(420 421 1295 1294)
4(421 422 1296 1295)
4(422 423 1297 1296)
4(423 424 1298 1297)
4(424 425 1299 1298)
4(425 426 1300 1299)
4(426 427 1301 1300)
4(427 428 1302 1301)
4(428 429 1303 1302)
4(429 430 1304 1303)
4(430 431 1305 1304)
4(431 432 1306 1305)
4(432 433 1307 1306)
4(433 434 1308 1307)
4(434 435 1309 1308)
4(435 436 1310 1309)
4(0 437 438 1)
4(1 438 439 2)
4(2 439 440 3)
4(3 440 441 4)
4(4 441 442 5)
4(5 442 443 6)
4(6 443 444 7)
4(7 444 445 8)
4(8 445 446 9)
4(9 446 447 10)
4(10 447 448 11)
4(11 448 449 12)
4(12 449 450 13)
4(13 450 451 14)
4(14 451 452 15)
4(15 452 453 16)
4(16 453 454 17)
4(17 454 455 18)
4(18 455 456 19)
4(19 456 457 20)
4(20 457 458 21)
4(21 458 459 22)
4(22 459 460 23)
4(23 460 461 24)
4(24 461 462 25)
4(25 462 463 26)
4(26 463 464 27)
4(27 464 465 28)
4(28 465 466 29)
4(29 466 467 30)
4(30 467 468 31)
4(31 468 469 32)
4(32 469 470 33)
4(33 470 471 34)
4(34 471 472 35)
4(35 472 473 36)
4(36 473 474 37)
4(37 474 475 38)
4(38 475 476 39)
4(39 476 477 40)
4(40 477 478 41)
4(41 478 479 42)
4(42 479 480 43)
4(43 480 481 44)
4(44 481 482 45)
4(45 482 483 46)
4(46 483 484 47)
4(47 484 485 48)
4(48 485 486 49)
4(49 486 487 50)
4(50 487 488 51)
4(51 488 489 52)
4(52 489 490 53)
4(53 490 491 54)
4(54 491 492 55)
4(55 492 493 56)
4(56 493 494 57)
4(57 494 495 58)
4(58 495 496 59)
4(59 496 497 60)
4(60 497 498 61)
4(61 498 499 62)
4(62 499 500 63)
4(63 500 501 64)
4(64 501 502 65)
4(65 502 503 66)
4(66 503 504 67)
4(67 504 505 68)
4(68 505 506 69)
4(69 506 507 70)
4(70 507 508 71)
4(71 508 509 72)
4(72 509 510 73)
4(73 510 511 74)
4(74 511 512 75)
4(75 512 513 76)
4(76 513 514 77)
4(77 514 515 78)
4(78 515 516 79)
4(79 516 517 80)
4(80 517 518 81)
4(81 518 519 82)
4(82 519 520 83)
4(83 520 521 84)
4(84 521 522 85)
4(85 522 523 86)
4(86 523 524 87)
4(87 524 525 88)
4(88 525 526 89)
4(89 526 527 90)
4(90 527 528 91)
4(91 528 529 92)
4(92 529 530 93)
4(93 530 531 94)
4(94 531 532 95)
4(95 532 533 96)
4(96 533 534 97)
4(97 534 535 98)
4(98 535 536 99)
4(99 536 537 100)
4(100 537 538 101)
4(101 538 539 102)
4(102 539 540 103)
4(103 540 541 104)
4(104 541 542 105)
4(105 542 543 106)
4(106 543 544 107)
4(107 544 545 108)
4(108 545 546 109)
4(109 546 547 110)
4(110 547 548 111)
4(111 548 549 112)
4(112 549 550 113)
4(113 550 551 114)
4(114 551 552 115)
4(115 552 553 116)
4(116 553 554 117)
4(117 554 555 118)
4(118 555 556 119)
4(119 556 557 120)
4(120 557 558 121)
4(121 558 559 122)
4(122 559 560 123)
4(123 560 561 124)
4(124 561 562 125)
4(125 562 563 126)
4(126 563 564 127)
4(127 564 565 128)
4(128 565 566 129)
4(129 566 567 130)
4(130 567 568 131)
4(131 568 569 132)
4(132 569 570 133)
4(133 570 571 134)
4(134 571 572 135)
4(135 572 573 136)
4(136 573 574 137)
4(137 574 575 138)
4(138 575 576 139)
4(139 576 577 140)
4(140 577 578 141)
4(141 578 579 142)
4(142 579 580 143)
4(143 580 581 144)
4(144 581 582 145)
4(145 582 583 146)
4(146 583 584 147)
4(147 584 585 148)
4(148 585 586 149)
4(149 586 587 150)
4(150 587 588 151)
4(151 588 589 152)
4(152 589 590 153)
4(153 590 591 154)
4(154 591 592 155)
4(155 592 593 156)
4(156 593 594 157)
4(157 594 595 158)
4(158 595 596 159)
4(159 596 597 160)
4(160 597 598 161)
4(161 598 599 162)
4(162 599 600 163)
4(163 600 601 164)
4(164 601 602 165)
4(165 602 603 166)
4(166 603 604 167)
4(167 604 605 168)
4(168 605 606 169)
4(169 606 607 170)
4(170 607 608 171)
4(171 608 609 172)
4(172 609 610 173)
4(173 610 611 174)
4(174 611 612 175)
4(175 612 613 176)
4(176 613 614 177)
4(177 614 615 178)
4(178 615 616 179)
4(179 616 617 180)
4(180 617 618 181)
4(181 618 619 182)
4(182 619 620 183)
4(183 620 621 184)
4(184 621 622 185)
4(185 622 623 186)
4(186 623 624 187)
4(187 624 625 188)
4(188 625 626 189)
4(189 626 627 190)
4(190 627 628 191)
4(191 628 629 192)
4(192 629 630 193)
4(193 630 631 194)
4(194 631 632 195)
4(195 632 633 196)
4(196 633 634 197)
4(197 634 635 198)
4(198 635 636 199)
4(199 636 637 200)
4(200 637 638 201)
4(201 638 639 202)
4(202 639 640 203)
4(203 640 641 204)
4(204 641 642 205)
4(205 642 643 206)
4(206 643 644 207)
4(207 644 645 208)
4(208 645 646 209)
4(209 646 647 210)
4(210 647 648 211)
4(211 648 649 212)
4(212 649 650 213)
4(213 650 651 214)
4(214 651 652 215)
4(215 652 653 216)
4(216 653 654 217)
4(217 654 655 218)
4(218 655 656 219)
4(219 656 657 220)
4(220 657 658 221)
4(221 658 659 222)
4(222 659 660 223)
4(223 660 661 224)
4(224 661 662 225)
4(225 662 663 226)
4(226 663 664 227)
4(227 664 665 228)
4(228 665 666 229)
4(229 666 667 230)
4(230 667 668 231)
4(231 668 669 232)
4(232 669 670 233)
4(233 670 671 234)
4(234 671 672 235)
4(235 672 673 236)
4(236 673 674 237)
4(237 674 675 238)
4(238 675 676 239)
4(239 676 677 240)
4(240 677 678 241)
4(241 678 679 242)
4(242 679 680 243)
4(243 680 681 244)
4(244 681 682 245)
4(245 682 683 246)
4(246 683 684 247)
4(247 684 685 248)
4(248 685 686 249)
4(249 686 687 250)
4(250 687 688 251)
4(251 688 689 252)
4(252 689 690 253)
4(253 690 691 254)
4(254 691 692 255)
4(255 692 693 256)
4(256 693 694 257)
4(257 694 695 258)
4(258 695 696 259)
4(259 696 697 260)
4(260 697 698 261)
4(261 698 699 262)
4(262 699 700 263)
4(263 700 701 264)
4(264 701 702 265)
4(265 702 703 266)
4(266 703 704 267)
4(267 704 705 268)
4(268 705 706 269)
4(269 706 707 270)
4(270 707 708 271)
4(271 708 709 272)
4(272 709 710 273)
4(273 710 711 274)
4(274 711 712 275)
4(275 712 713 276)
4(276 713 714 277)
4(277 714 715 278)
4(278 715 716 279)
4(279 716 717 280)
4(280 717 718 281)
4(281 718 719 282)
4(282 719 720 283)
4(283 720 721 284)
4(284 721 722 285)
4(285 722 723 286)
4(286 723 724 287)
4(287 724 725 288)
4(288 725 726 289)
4(289 726 727 290)
4(290 727 728 291)
4(291 728 729 292)
4(292 729 730 293)
4(293 730 731 294)
4(294 731 732 295)
4(295 732 733 296)
4(296 733 734 297)
4(297 734 735 298)
4(298 735 736 299)
4(299 736 737 300)
4(300 737 738 301)
4(301 738 739 302)
4(302 739 740 303)
4(303 740 741 304)
4(304 741 742 305)
4(305 742 743 306)
4(306 743 744 307)
4(307 744 745 308)
4(308 745 746 309)
4(309 746 747 310)
4(310 747 748 311)
4(311 748 749 312)
4(312 749 750 313)
4(313 750 751 314)
4(314 751 752 315)
4(315 752 753 316)
4(316 753 754 317)
4(317 754 755 318)
4(318 755 756 319)
4(319 756 757 320)
4(320 757 758 321)
4(321 758 759 322)
4(322 759 760 323)
4(323 760 761 324)
4(324 761 762 325)
4(325 762 763 326)
4(326 763 764 327)
4(327 764 765 328)
4(328 765 766 329)
4(329 766 767 330)
4(330 767 768 331)
4(331 768 769 332)
4(332 769 770 333)
4(333 770 771 334)
4(334 771 772 335)
4(335 772 773 336)
4(336 773 774 337)
4(337 774 775 338)
4(338 775 776 339)
4(339 776 777 340)
4(340 777 778 341)
4(341 778 779 342)
4(342 779 780 343)
4(343 780 781 344)
4(344 781 782 345)
4(345 782 783 346)
4(346 783 784 347)
4(347 784 785 348)
4(348 785 786 349)
4(349 786 787 350)
4(350 787 788 351)
4(351 788 789 352)
4(352 789 790 353)
4(353 790 791 354)
4(354 791 792 355)
4(355 792 793 356)
4(356 793 794 357)
4(357 794 795 358)
4(358 795 796 359)
4(359 796 797 360)
4(360 797 798 361)
4(361 798 799 362)
4(362 799 800 363)
4(363 800 801 364)
4(364 801 802 365)
4(365 802 803 366)
4(366 803 804 367)
4(367 804 805 368)
4(368 805 806 369)
4(369 806 807 370)
4(370 807 808 371)
4(371 808 809 372)
4(372 809 810 373)
4(373 810 811 374)
4(374 811 812 375)
4(375 812 813 376)
4(376 813 814 377)
4(377 814 815 378)
4(378 815 816 379)
4(379 816 817 380)
4(380 817 818 381)
4(381 818 819 382)
4(382 819 820 383)
4(383 820 821 384)
4(384 821 822 385)
4(385 822 823 386)
4(386 823 824 387)
4(387 824 825 388)
4(388 825 826 389)
4(389 826 827 390)
4(390 827 828 391)
4(391 828 829 392)
4(392 829 830 393)
4(393 830 831 394)
4(394 831 832 395)
4(395 832 833 396)
4(396 833 834 397)
4(397 834 835 398)
4(398 835 836 399)
4(399 836 837 400)
4(400 837 838 401)
4(401 838 839 402)
4(402 839 840 403)
4(403 840 841 404)
4(404 841 842 405)
4(405 842 843 406)
4(406 843 844 407)
4(407 844 845 408)
4(408 845 846 409)
4(409 846 847 410)
4(410 847 848 411)
4(411 848 849 412)
4(412 849 850 413)
4(413 850 851 414)
4(414 851 852 415)
4(415 852 853 416)
4(416 853 854 417)
4(417 854 855 418)
4(418 855 856 419)
4(419 856 857 420)
4(420 857 858 421)
4(421 858 859 422)
4(422 859 860 423)
4(423 860 861 424)
4(424 861 862 425)
4(425 862 863 426)
4(426 863 864 427)
4(427 864 865 428)
4(428 865 866 429)
4(429 866 867 430)
4(430 867 868 431)
4(431 868 869 432)
4(432 869 870 433)
4(433 870 871 434)
4(434 871 872 435)
4(435 872 873 436)
4(874 875 1312 1311)
4(875 876 1313 1312)
4(876 877 1314 1313)
4(877 878 1315 1314)
4(878 879 1316 1315)
4(879 880 1317 1316)
4(880 881 1318 1317)
4(881 882 1319 1318)
4(882 883 1320 1319)
4(883 884 1321 1320)
4(884 885 1322 1321)
4(885 886 1323 1322)
4(886 887 1324 1323)
4(887 888 1325 1324)
4(888 889 1326 1325)
4(889 890 1327 1326)
4(890 891 1328 1327)
4(891 892 1329 1328)
4(892 893 1330 1329)
4(893 894 1331 1330)
4(894 895 1332 1331)
4(895 896 1333 1332)
4(896 897 1334 1333)
4(897 898 1335 1334)
4(898 899 1336 1335)
4(899 900 1337 1336)
4(900 901 1338 1337)
4(901 902 1339 1338)
4(902 903 1340 1339)
4(903 904 1341 1340)
4(904 905 1342 1341)
4(905 906 1343 1342)
4(906 907 1344 1343)
4(907 908 1345 1344)
4(908 909 1346 1345)
4(909 910 1347 1346)
4(910 911 1348 1347)
4(911 912 1349 1348)
4(912 913 1350 1349)
4(913 914 1351 1350)
4(914 915 1352 1351)
4(915 916 1353 1352)
4(916 917 1354 1353)
4(917 918 1355 1354)
4(918 919 1356 1355)
4(919 920 1357 1356)
4(920 921 1358 1357)
4(921 922 1359 1358)
4(922 923 1360 1359)
4(923 924 1361 1360)
4(924 925 1362 1361)
4(925 926 1363 1362)
4(926 927 1364 1363)
4(927 928 1365 1364)
4(928 929 1366 1365)
4(929 930 1367 1366)
4(930 931 1368 1367)
4(931 932 1369 1368)
4(932 933 1370 1369)
4(933 934 1371 1370)
4(934 935 1372 1371)
4(935 936 1373 1372)
4(936 937 1374 1373)
4(937 938 1375 1374)
4(938 939 1376 1375)
4(939 940 1377 1376)
4(940 941 1378 1377)
4(941 942 1379 1378)
4(942 943 1380 1379)
4(943 944 1381 1380)
4(944 945 1382 1381)
4(945 946 1383 1382)
4(946 947 1384 1383)
4(947 948 1385 1384)
4(948 949 1386 1385)
4(949 950 1387 1386)
4(950 951 1388 1387)
4(951 952 1389 1388)
4(952 953 1390 1389)
4(953 954 1391 1390)
4(954 955 1392 1391)
4(955 956 1393 1392)
4(956 957 1394 1393)
4(957 958 1395 1394)
4(958 959 1396 1395)
4(959 960 1397 1396)
4(960 961 1398 1397)
4(961 962 1399 1398)
4(962 963 1400 1399)
4(963 964 1401 1400)
4(964 965 1402 1401)
4(965 966 1403 1402)
4(966 967 1404 1403)
4(967 968 1405 1404)
4(968 969 1406 1405)
4(969 970 1407 1406)
4(970 971 1408 1407)
4(971 972 1409 1408)
4(972 973 1410 1409)
4(973 974 1411 1410)
4(974 975 1412 1411)
4(975 976 1413 1412)
4(976 977 1414 1413)
4(977 978 1415 1414)
4(978 979 1416 1415)
4(979 980 1417 1416)
4(980 981 1418 1417)
4(981 982 1419 1418)
4(982 983 1420 1419)
4(983 984 1421 1420)
4(984 985 1422 1421)
4(985 986 1423 1422)
4(986 987 1424 1423)
4(987 988 1425 1424)
4(988 989 1426 1425)
4(989 990 1427 1426)
4(990 991 1428 1427)
4(991 992 1429 1428)
4(992 993 1430 1429)
4(993 994 1431 1430)
4(994 995 1432 1431)
4(995 996 1433 1432)
4(996 997 1434 1433)
4(997 998 1435 1434)
4(998 999 1436 1435)
4(999 1000 1437 1436)
4(1000 1001 1438 1437)
4(1001 1002 1439 1438)
4(1002 1003 1440 1439)
4(1003 1004 1441 1440)
4(1004 1005 1442 1441)
4(1005 1006 1443 1442)
4(1006 1007 1444 1443)
4(1007 1008 1445 1444)
4(1008 1009 1446 1445)
4(1009 1010 1447 1446)
4(1010 1011 1448 1447)
4(1011 1012 1449 1448)
4(1012 1013 1450 1449)
4(1013 1014 1451 1450)
4(1014 1015 1452 1451)
4(1015 1016 1453 1452)
4(1016 1017 1454 1453)
4(1017 1018 1455 1454)
4(1018 1019 1456 1455)
4(1019 1020 1457 1456)
4(1020 1021 1458 1457)
4(1021 1022 1459 1458)
4(1022 1023 1460 1459)
4(1023 1024 1461 1460)
4(1024 1025 1462 1461)
4(1025 1026 1463 1462)
4(1026 1027 1464 1463)
4(1027 1028 1465 1464)
4(1028 1029 1466 1465)
4(1029 1030 1467 1466)
4(1030 1031 1468 1467)
4(1031 1032 1469 1468)
4(1032 1033 1470 1469)
4(1033 1034 1471 1470)
4(1034 1035 1472 1471)
4(1035 1036 1473 1472)
4(1036 1037 1474 1473)
4(1037 1038 1475 1474)
4(1038 1039 1476 1475)
4(1039 1040 1477 1476)
4(1040 1041 1478 1477)
4(1041 1042 1479 1478)
4(1042 1043 1480 1479)
4(1043 1044 1481 1480)
4(1044 1045 1482 1481)
4(1045 1046 1483 1482)
4(1046 1047 1484 1483)
4(1047 1048 1485 1484)
4(1048 1049 1486 1485)
4(1049 1050 1487 1486)
4(1050 1051 1488 1487)
4(1051 1052 1489 1488)
4(1052 1053 1490 1489)
4(1053 1054 1491 1490)
4(1054 1055 1492 1491)
4(1055 1056 1493 1492)
4(1056 1057 1494 1493)
4(1057 1058 1495 1494)
4(1058 1059 1496 1495)
4(1059 1060 1497 1496)
4(1060 1061 1498 1497)
4(1061 1062 1499 1498)
4(1062 1063 1500 1499)
4(1063 1064 1501 1500)
4(1064 1065 1502 1501)
4(1065 1066 1503 1502)
4(1066 1067 1504 1503)
4(1067 1068 1505 1504)
4(1068 1069 1506 1505)
4(1069 1070 1507 1506)
4(1070 1071 1508 1507)
4(1071 1072 1509 1508)
4(1072 1073 1510 1509)
4(1073 1074 1511 1510)
4(1074 1075 1512 1511)
4(1075 1076 1513 1512)
4(1076 1077 1514 1513)
4(1077 1078 1515 1514)
4(1078 1079 1516 1515)
4(1079 1080 1517 1516)
4(1080 1081 1518 1517)
4(1081 1082 1519 1518)
4(1082 1083 1520 1519)
4(1083 1084 1521 1520)
4(1084 1085 1522 1521)
4(1085 1086 1523 1522)
4(1086 1087 1524 1523)
4(1087 1088 1525 1524)
4(1088 1089 1526 1525)
4(1089 1090 1527 1526)
4(1090 1091 1528 1527)
4(1091 1092 1529 1528)
4(1092 1093 1530 1529)
4(1093 1094 1531 1530)
4(1094 1095 1532 1531)
4(1095 1096 1533 1532)
4(1096 1097 1534 1533)
4(1097 1098 1535 1534)
4(1098 1099 1536 1535)
4(1099 1100 1537 1536)
4(1100 1101 1538 1537)
4(1101 1102 1539 1538)
4(1102 1103 1540 1539)
4(1103 1104 1541 1540)
4(1104 1105 1542 1541)
4(1105 1106 1543 1542)
4(1106 1107 1544 1543)
4(1107 1108 1545 1544)
4(1108 1109 1546 1545)
4(1109 1110 1547 1546)
4(1110 1111 1548 1547)
4(1111 1112 1549 1548)
4(1112 1113 1550 1549)
4(1113 1114 1551 1550)
4(1114 1115 1552 1551)
4(1115 1116 1553 1552)
4(1116 1117 1554 1553)
4(1117 1118 1555 1554)
4(1118 1119 1556 1555)
4(1119 1120 1557 1556)
4(1120 1121 1558 1557)
4(1121 1122 1559 1558)
4(1122 1123 1560 1559)
4(1123 1124 1561 1560)
4(1124 1125 1562 1561)
4(1125 1126 1563 1562)
4(1126 1127 1564 1563)
4(1127 1128 1565 1564)
4(1128 1129 1566 1565)
4(1129 1130 1567 1566)
4(1130 1131 1568 1567)
4(1131 1132 1569 1568)
4(1132 1133 1570 1569)
4(1133 1134 1571 1570)
4(1134 1135 1572 1571)
4(1135 1136 1573 1572)
4(1136 1137 1574 1573)
4(1137 1138 1575 1574)
4(1138 1139 1576 1575)
4(1139 1140 1577 1576)
4(1140 1141 1578 1577)
4(1141 1142 1579 1578)
4(1142 1143 1580 1579)
4(1143 1144 1581 1580)
4(1144 1145 1582 1581)
4(1145 1146 1583 1582)
4(1146 1147 1584 1583)
4(1147 1148 1585 1584)
4(1148 1149 1586 1585)
4(1149 1150 1587 1586)
4(1150 1151 1588 1587)
4(1151 1152 1589 1588)
4(1152 1153 1590 1589)
4(1153 1154 1591 1590)
4(1154 1155 1592 1591)
4(1155 1156 1593 1592)
4(1156 1157 1594 1593)
4(1157 1158 1595 1594)
4(1158 1159 1596 1595)
4(1159 1160 1597 1596)
4(1160 1161 1598 1597)
4(1161 1162 1599 1598)
4(1162 1163 1600 1599)
4(1163 1164 1601 1600)
4(1164 1165 1602 1601)
4(1165 1166 1603 1602)
4(1166 1167 1604 1603)
4(1167 1168 1605 1604)
4(1168 1169 1606 1605)
4(1169 1170 1607 1606)
4(1170 1171 1608 1607)
4(1171 1172 1609 1608)
4(1172 1173 1610 1609)
4(1173 1174 1611 1610)
4(1174 1175 1612 1611)
4(1175 1176 1613 1612)
4(1176 1177 1614 1613)
4(1177 1178 1615 1614)
4(1178 1179 1616 1615)
4(1179 1180 1617 1616)
4(1180 1181 1618 1617)
4(1181 1182 1619 1618)
4(1182 1183 1620 1619)
4(1183 1184 1621 1620)
4(1184 1185 1622 1621)
4(1185 1186 1623 1622)
4(1186 1187 1624 1623)
4(1187 1188 1625 1624)
4(1188 1189 1626 1625)
4(1189 1190 1627 1626)
4(1190 1191 1628 1627)
4(1191 1192 1629 1628)
4(1192 1193 1630 1629)
4(1193 1194 1631 1630)
4(1194 1195 1632 1631)
4(1195 1196 1633 1632)
4(1196 1197 1634 1633)
4(1197 1198 1635 1634)
4(1198 1199 1636 1635)
4(1199 1200 1637 1636)
4(1200 1201 1638 1637)
4(1201 1202 1639 1638)
4(1202 1203 1640 1639)
4(1203 1204 1641 1640)
4(1204 1205 1642 1641)
4(1205 1206 1643 1642)
4(1206 1207 1644 1643)
4(1207 1208 1645 1644)
4(1208 1209 1646 1645)
4(1209 1210 1647 1646)
4(1210 1211 1648 1647)
4(1211 1212 1649 1648)
4(1212 1213 1650 1649)
4(1213 1214 1651 1650)
4(1214 1215 1652 1651)
4(1215 1216 1653 1652)
4(1216 1217 1654 1653)
4(1217 1218 1655 1654)
4(1218 1219 1656 1655)
4(1219 1220 1657 1656)
4(1220 1221 1658 1657)
4(1221 1222 1659 1658)
4(1222 1223 1660 1659)
4(1223 1224 1661 1660)
4(1224 1225 1662 1661)
4(1225 1226 1663 1662)
4(1226 1227 1664 1663)
4(1227 1228 1665 1664)
4(1228 1229 1666 1665)
4(1229 1230 1667 1666)
4(1230 1231 1668 1667)
4(1231 1232 1669 1668)
4(1232 1233 1670 1669)
4(1233 1234 1671 1670)
4(1234 1235 1672 1671)
4(1235 1236 1673 1672)
4(1236 1237 1674 1673)
4(1237 1238 1675 1674)
4(1238 1239 1676 1675)
4(1239 1240 1677 1676)
4(1240 1241 1678 1677)
4(1241 1242 1679 1678)
4(1242 1243 1680 1679)
4(1243 1244 1681 1680)
4(1244 1245 1682 1681)
4(1245 1246 1683 1682)
4(1246 1247 1684 1683)
4(1247 1248 1685 1684)
4(1248 1249 1686 1685)
4(1249 1250 1687 1686)
4(1250 1251 1688 1687)
4(1251 1252 1689 1688)
4(1252 1253 1690 1689)
4(1253 1254 1691 1690)
4(1254 1255 1692 1691)
4(1255 1256 1693 1692)
4(1256 1257 1694 1693)
4(1257 1258 1695 1694)
4(1258 1259 1696 1695)
4(1259 1260 1697 1696)
4(1260 1261 1698 1697)
4(1261 1262 1699 1698)
4(1262 1263 1700 1699)
4(1263 1264 1701 1700)
4(1264 1265 1702 1701)
4(1265 1266 1703 1702)
4(1266 1267 1704 1703)
4(1267 1268 1705 1704)
4(1268 1269 1706 1705)
4(1269 1270 1707 1706)
4(1270 1271 1708 1707)
4(1271 1272 1709 1708)
4(1272 1273 1710 1709)
4(1273 1274 1711 1710)
4(1274 1275 1712 1711)
4(1275 1276 1713 1712)
4(1276 1277 1714 1713)
4(1277 1278 1715 1714)
4(1278 1279 1716 1715)
4(1279 1280 1717 1716)
4(1280 1281 1718 1717)
4(1281 1282 1719 1718)
4(1282 1283 1720 1719)
4(1283 1284 1721 1720)
4(1284 1285 1722 1721)
4(1285 1286 1723 1722)
4(1286 1287 1724 1723)
4(1287 1288 1725 1724)
4(1288 1289 1726 1725)
4(1289 1290 1727 1726)
4(1290 1291 1728 1727)
4(1291 1292 1729 1728)
4(1292 1293 1730 1729)
4(1293 1294 1731 1730)
4(1294 1295 1732 1731)
4(1295 1296 1733 1732)
4(1296 1297 1734 1733)
4(1297 1298 1735 1734)
4(1298 1299 1736 1735)
4(1299 1300 1737 1736)
4(1300 1301 1738 1737)
4(1301 1302 1739 1738)
4(1302 1303 1740 1739)
4(1303 1304 1741 1740)
4(1304 1305 1742 1741)
4(1305 1306 1743 1742)
4(1306 1307 1744 1743)
4(1307 1308 1745 1744)
4(1308 1309 1746 1745)
4(1309 1310 1747 1746)
)


// ************************************************************************* //
