/*--------------------------------*- C++ -*----------------------------------*\
| =========                 |                                                 |
| \\      /  F ield         | OpenFOAM: The Open Source CFD Toolbox           |
|  \\    /   O peration     | Version:  v1906                                 |
|   \\  /    A nd           | Web:      www.OpenFOAM.com                      |
|    \\/     M anipulation  |                                                 |
\*---------------------------------------------------------------------------*/
FoamFile
{
    version     2.0;
    format      ascii;
    class       vectorField;
    location    "constant/nonLinearZone/polyMesh";
    object      points;
}
// * * * * * * * * * * * * * * * * * * * * * * * * * * * * * * * * * * * * * //


1748
(
(-5 -0.5 -0.5)
(-4.9 -0.5 -0.5)
(-4.8 -0.5 -0.5)
(-4.7 -0.5 -0.5)
(-4.6 -0.5 -0.5)
(-4.5 -0.5 -0.5)
(-4.4 -0.5 -0.5)
(-4.3 -0.5 -0.5)
(-4.2 -0.5 -0.5)
(-4.1 -0.5 -0.5)
(-4 -0.5 -0.5)
(-3.9 -0.5 -0.5)
(-3.8 -0.5 -0.5)
(-3.7 -0.5 -0.5)
(-3.6 -0.5 -0.5)
(-3.5 -0.5 -0.5)
(-3.4 -0.5 -0.5)
(-3.3 -0.5 -0.5)
(-3.2 -0.5 -0.5)
(-3.1 -0.5 -0.5)
(-3 -0.5 -0.5)
(-2.9 -0.5 -0.5)
(-2.8 -0.5 -0.5)
(-2.7 -0.5 -0.5)
(-2.6 -0.5 -0.5)
(-2.5 -0.5 -0.5)
(-2.4 -0.5 -0.5)
(-2.3 -0.5 -0.5)
(-2.2 -0.5 -0.5)
(-2.1 -0.5 -0.5)
(-2 -0.5 -0.5)
(-1.90110480832 -0.5 -0.5)
(-1.80730830016 -0.5 -0.5)
(-1.71834760558 -0.5 -0.5)
(-1.63397340728 -0.5 -0.5)
(-1.55394924185 -0.5 -0.5)
(-1.47805083711 -0.5 -0.5)
(-1.40606548354 -0.5 -0.5)
(-1.33779143818 -0.5 -0.5)
(-1.27303735921 -0.5 -0.5)
(-1.2116217697 -0.5 -0.5)
(-1.15337254904 -0.5 -0.5)
(-1.09812645055 -0.5 -0.5)
(-1.04572864395 -0.5 -0.5)
(-0.996032281453 -0.5 -0.5)
(-0.948898086246 -0.5 -0.5)
(-0.904193962114 -0.5 -0.5)
(-0.861794623254 -0.5 -0.5)
(-0.821581243154 -0.5 -0.5)
(-0.783441121573 -0.5 -0.5)
(-0.747267368694 -0.5 -0.5)
(-0.712958605556 -0.5 -0.5)
(-0.680418679936 -0.5 -0.5)
(-0.649556396878 -0.5 -0.5)
(-0.620285263112 -0.5 -0.5)
(-0.592523244653 -0.5 -0.5)
(-0.566192536896 -0.5 -0.5)
(-0.541219346563 -0.5 -0.5)
(-0.517533684896 -0.5 -0.5)
(-0.495069171506 -0.5 -0.5)
(-0.473762848342 -0.5 -0.5)
(-0.453555003244 -0.5 -0.5)
(-0.4343890026 -0.5 -0.5)
(-0.416211132623 -0.5 -0.5)
(-0.398970448819 -0.5 -0.5)
(-0.38261863321 -0.5 -0.5)
(-0.36710985892 -0.5 -0.5)
(-0.352400661745 -0.5 -0.5)
(-0.338449818338 -0.5 -0.5)
(-0.325218230684 -0.5 -0.5)
(-0.312668816519 -0.5 -0.5)
(-0.300766405411 -0.5 -0.5)
(-0.289477640187 -0.5 -0.5)
(-0.278770883455 -0.5 -0.5)
(-0.268616128931 -0.5 -0.5)
(-0.258984917349 -0.5 -0.5)
(-0.249850256702 -0.5 -0.5)
(-0.241186546593 -0.5 -0.5)
(-0.232969506491 -0.5 -0.5)
(-0.225176107684 -0.5 -0.5)
(-0.217784508737 -0.5 -0.5)
(-0.21077399428 -0.5 -0.5)
(-0.204124916957 -0.5 -0.5)
(-0.197818642356 -0.5 -0.5)
(-0.191837496793 -0.5 -0.5)
(-0.186164717773 -0.5 -0.5)
(-0.180784407015 -0.5 -0.5)
(-0.1756814859 -0.5 -0.5)
(-0.170841653206 -0.5 -0.5)
(-0.166251345032 -0.5 -0.5)
(-0.161897696783 -0.5 -0.5)
(-0.157768507117 -0.5 -0.5)
(-0.15385220375 -0.5 -0.5)
(-0.150137811023 -0.5 -0.5)
(-0.146614919144 -0.5 -0.5)
(-0.143273655011 -0.5 -0.5)
(-0.140104654545 -0.5 -0.5)
(-0.137099036446 -0.5 -0.5)
(-0.134248377302 -0.5 -0.5)
(-0.13154468798 -0.5 -0.5)
(-0.128980391241 -0.5 -0.5)
(-0.126548300501 -0.5 -0.5)
(-0.124241599689 -0.5 -0.5)
(-0.122053824147 -0.5 -0.5)
(-0.119978842513 -0.5 -0.5)
(-0.118010839535 -0.5 -0.5)
(-0.116144299775 -0.5 -0.5)
(-0.11437399215 -0.5 -0.5)
(-0.112694955276 -0.5 -0.5)
(-0.111102483557 -0.5 -0.5)
(-0.109592114003 -0.5 -0.5)
(-0.108159613719 -0.5 -0.5)
(-0.106800968043 -0.5 -0.5)
(-0.105512369294 -0.5 -0.5)
(-0.104290206103 -0.5 -0.5)
(-0.103131053289 -0.5 -0.5)
(-0.102031662262 -0.5 -0.5)
(-0.100988951917 -0.5 -0.5)
(-0.1 -0.5 -0.5)
(-0.099 -0.5 -0.5)
(-0.098 -0.5 -0.5)
(-0.097 -0.5 -0.5)
(-0.096 -0.5 -0.5)
(-0.095 -0.5 -0.5)
(-0.094 -0.5 -0.5)
(-0.093 -0.5 -0.5)
(-0.092 -0.5 -0.5)
(-0.091 -0.5 -0.5)
(-0.09 -0.5 -0.5)
(-0.089 -0.5 -0.5)
(-0.088 -0.5 -0.5)
(-0.087 -0.5 -0.5)
(-0.086 -0.5 -0.5)
(-0.085 -0.5 -0.5)
(-0.084 -0.5 -0.5)
(-0.083 -0.5 -0.5)
(-0.082 -0.5 -0.5)
(-0.081 -0.5 -0.5)
(-0.08 -0.5 -0.5)
(-0.079 -0.5 -0.5)
(-0.078 -0.5 -0.5)
(-0.077 -0.5 -0.5)
(-0.076 -0.5 -0.5)
(-0.075 -0.5 -0.5)
(-0.074 -0.5 -0.5)
(-0.073 -0.5 -0.5)
(-0.072 -0.5 -0.5)
(-0.071 -0.5 -0.5)
(-0.07 -0.5 -0.5)
(-0.069 -0.5 -0.5)
(-0.068 -0.5 -0.5)
(-0.067 -0.5 -0.5)
(-0.066 -0.5 -0.5)
(-0.065 -0.5 -0.5)
(-0.064 -0.5 -0.5)
(-0.063 -0.5 -0.5)
(-0.062 -0.5 -0.5)
(-0.061 -0.5 -0.5)
(-0.06 -0.5 -0.5)
(-0.059 -0.5 -0.5)
(-0.058 -0.5 -0.5)
(-0.057 -0.5 -0.5)
(-0.056 -0.5 -0.5)
(-0.055 -0.5 -0.5)
(-0.054 -0.5 -0.5)
(-0.053 -0.5 -0.5)
(-0.052 -0.5 -0.5)
(-0.051 -0.5 -0.5)
(-0.05 -0.5 -0.5)
(-0.049 -0.5 -0.5)
(-0.048 -0.5 -0.5)
(-0.047 -0.5 -0.5)
(-0.046 -0.5 -0.5)
(-0.045 -0.5 -0.5)
(-0.044 -0.5 -0.5)
(-0.043 -0.5 -0.5)
(-0.042 -0.5 -0.5)
(-0.041 -0.5 -0.5)
(-0.04 -0.5 -0.5)
(-0.039 -0.5 -0.5)
(-0.038 -0.5 -0.5)
(-0.037 -0.5 -0.5)
(-0.036 -0.5 -0.5)
(-0.035 -0.5 -0.5)
(-0.034 -0.5 -0.5)
(-0.033 -0.5 -0.5)
(-0.032 -0.5 -0.5)
(-0.031 -0.5 -0.5)
(-0.03 -0.5 -0.5)
(-0.029 -0.5 -0.5)
(-0.028 -0.5 -0.5)
(-0.027 -0.5 -0.5)
(-0.026 -0.5 -0.5)
(-0.025 -0.5 -0.5)
(-0.024 -0.5 -0.5)
(-0.023 -0.5 -0.5)
(-0.022 -0.5 -0.5)
(-0.021 -0.5 -0.5)
(-0.02 -0.5 -0.5)
(-0.019 -0.5 -0.5)
(-0.018 -0.5 -0.5)
(-0.017 -0.5 -0.5)
(-0.016 -0.5 -0.5)
(-0.015 -0.5 -0.5)
(-0.014 -0.5 -0.5)
(-0.013 -0.5 -0.5)
(-0.012 -0.5 -0.5)
(-0.011 -0.5 -0.5)
(-0.01 -0.5 -0.5)
(-0.009 -0.5 -0.5)
(-0.008 -0.5 -0.5)
(-0.007 -0.5 -0.5)
(-0.006 -0.5 -0.5)
(-0.005 -0.5 -0.5)
(-0.004 -0.5 -0.5)
(-0.003 -0.5 -0.5)
(-0.002 -0.5 -0.5)
(-0.000999999999999 -0.5 -0.5)
(0 -0.5 -0.5)
(0.000999999999999 -0.5 -0.5)
(0.002 -0.5 -0.5)
(0.003 -0.5 -0.5)
(0.004 -0.5 -0.5)
(0.005 -0.5 -0.5)
(0.006 -0.5 -0.5)
(0.007 -0.5 -0.5)
(0.008 -0.5 -0.5)
(0.009 -0.5 -0.5)
(0.01 -0.5 -0.5)
(0.011 -0.5 -0.5)
(0.012 -0.5 -0.5)
(0.013 -0.5 -0.5)
(0.014 -0.5 -0.5)
(0.015 -0.5 -0.5)
(0.016 -0.5 -0.5)
(0.017 -0.5 -0.5)
(0.018 -0.5 -0.5)
(0.019 -0.5 -0.5)
(0.02 -0.5 -0.5)
(0.021 -0.5 -0.5)
(0.022 -0.5 -0.5)
(0.023 -0.5 -0.5)
(0.024 -0.5 -0.5)
(0.025 -0.5 -0.5)
(0.026 -0.5 -0.5)
(0.027 -0.5 -0.5)
(0.028 -0.5 -0.5)
(0.029 -0.5 -0.5)
(0.03 -0.5 -0.5)
(0.031 -0.5 -0.5)
(0.032 -0.5 -0.5)
(0.033 -0.5 -0.5)
(0.034 -0.5 -0.5)
(0.035 -0.5 -0.5)
(0.036 -0.5 -0.5)
(0.037 -0.5 -0.5)
(0.038 -0.5 -0.5)
(0.039 -0.5 -0.5)
(0.04 -0.5 -0.5)
(0.041 -0.5 -0.5)
(0.042 -0.5 -0.5)
(0.043 -0.5 -0.5)
(0.044 -0.5 -0.5)
(0.045 -0.5 -0.5)
(0.046 -0.5 -0.5)
(0.047 -0.5 -0.5)
(0.048 -0.5 -0.5)
(0.049 -0.5 -0.5)
(0.05 -0.5 -0.5)
(0.051 -0.5 -0.5)
(0.052 -0.5 -0.5)
(0.053 -0.5 -0.5)
(0.054 -0.5 -0.5)
(0.055 -0.5 -0.5)
(0.056 -0.5 -0.5)
(0.057 -0.5 -0.5)
(0.058 -0.5 -0.5)
(0.059 -0.5 -0.5)
(0.06 -0.5 -0.5)
(0.061 -0.5 -0.5)
(0.062 -0.5 -0.5)
(0.063 -0.5 -0.5)
(0.064 -0.5 -0.5)
(0.065 -0.5 -0.5)
(0.066 -0.5 -0.5)
(0.067 -0.5 -0.5)
(0.068 -0.5 -0.5)
(0.069 -0.5 -0.5)
(0.07 -0.5 -0.5)
(0.071 -0.5 -0.5)
(0.072 -0.5 -0.5)
(0.073 -0.5 -0.5)
(0.074 -0.5 -0.5)
(0.075 -0.5 -0.5)
(0.076 -0.5 -0.5)
(0.077 -0.5 -0.5)
(0.078 -0.5 -0.5)
(0.079 -0.5 -0.5)
(0.08 -0.5 -0.5)
(0.081 -0.5 -0.5)
(0.082 -0.5 -0.5)
(0.083 -0.5 -0.5)
(0.084 -0.5 -0.5)
(0.085 -0.5 -0.5)
(0.086 -0.5 -0.5)
(0.087 -0.5 -0.5)
(0.088 -0.5 -0.5)
(0.089 -0.5 -0.5)
(0.09 -0.5 -0.5)
(0.091 -0.5 -0.5)
(0.092 -0.5 -0.5)
(0.093 -0.5 -0.5)
(0.094 -0.5 -0.5)
(0.095 -0.5 -0.5)
(0.096 -0.5 -0.5)
(0.097 -0.5 -0.5)
(0.098 -0.5 -0.5)
(0.099 -0.5 -0.5)
(0.1 -0.5 -0.5)
(0.100988951917 -0.5 -0.5)
(0.102031662262 -0.5 -0.5)
(0.103131053289 -0.5 -0.5)
(0.104290206103 -0.5 -0.5)
(0.105512369294 -0.5 -0.5)
(0.106800968043 -0.5 -0.5)
(0.108159613719 -0.5 -0.5)
(0.109592114003 -0.5 -0.5)
(0.111102483557 -0.5 -0.5)
(0.112694955276 -0.5 -0.5)
(0.11437399215 -0.5 -0.5)
(0.116144299775 -0.5 -0.5)
(0.118010839535 -0.5 -0.5)
(0.119978842513 -0.5 -0.5)
(0.122053824147 -0.5 -0.5)
(0.124241599689 -0.5 -0.5)
(0.126548300501 -0.5 -0.5)
(0.128980391241 -0.5 -0.5)
(0.13154468798 -0.5 -0.5)
(0.134248377302 -0.5 -0.5)
(0.137099036446 -0.5 -0.5)
(0.140104654545 -0.5 -0.5)
(0.143273655011 -0.5 -0.5)
(0.146614919144 -0.5 -0.5)
(0.150137811023 -0.5 -0.5)
(0.15385220375 -0.5 -0.5)
(0.157768507117 -0.5 -0.5)
(0.161897696783 -0.5 -0.5)
(0.166251345032 -0.5 -0.5)
(0.170841653206 -0.5 -0.5)
(0.1756814859 -0.5 -0.5)
(0.180784407015 -0.5 -0.5)
(0.186164717773 -0.5 -0.5)
(0.191837496793 -0.5 -0.5)
(0.197818642356 -0.5 -0.5)
(0.204124916957 -0.5 -0.5)
(0.21077399428 -0.5 -0.5)
(0.217784508737 -0.5 -0.5)
(0.225176107684 -0.5 -0.5)
(0.232969506491 -0.5 -0.5)
(0.241186546593 -0.5 -0.5)
(0.249850256702 -0.5 -0.5)
(0.258984917349 -0.5 -0.5)
(0.268616128931 -0.5 -0.5)
(0.278770883455 -0.5 -0.5)
(0.289477640187 -0.5 -0.5)
(0.300766405411 -0.5 -0.5)
(0.312668816519 -0.5 -0.5)
(0.325218230684 -0.5 -0.5)
(0.338449818338 -0.5 -0.5)
(0.352400661745 -0.5 -0.5)
(0.36710985892 -0.5 -0.5)
(0.38261863321 -0.5 -0.5)
(0.398970448819 -0.5 -0.5)
(0.416211132623 -0.5 -0.5)
(0.4343890026 -0.5 -0.5)
(0.453555003244 -0.5 -0.5)
(0.473762848342 -0.5 -0.5)
(0.495069171506 -0.5 -0.5)
(0.517533684896 -0.5 -0.5)
(0.541219346563 -0.5 -0.5)
(0.566192536896 -0.5 -0.5)
(0.592523244653 -0.5 -0.5)
(0.620285263112 -0.5 -0.5)
(0.649556396878 -0.5 -0.5)
(0.680418679936 -0.5 -0.5)
(0.712958605556 -0.5 -0.5)
(0.747267368694 -0.5 -0.5)
(0.783441121573 -0.5 -0.5)
(0.821581243154 -0.5 -0.5)
(0.861794623254 -0.5 -0.5)
(0.904193962114 -0.5 -0.5)
(0.948898086246 -0.5 -0.5)
(0.996032281453 -0.5 -0.5)
(1.04572864395 -0.5 -0.5)
(1.09812645055 -0.5 -0.5)
(1.15337254904 -0.5 -0.5)
(1.2116217697 -0.5 -0.5)
(1.27303735921 -0.5 -0.5)
(1.33779143818 -0.5 -0.5)
(1.40606548354 -0.5 -0.5)
(1.47805083711 -0.5 -0.5)
(1.55394924185 -0.5 -0.5)
(1.63397340728 -0.5 -0.5)
(1.71834760558 -0.5 -0.5)
(1.80730830016 -0.5 -0.5)
(1.90110480832 -0.5 -0.5)
(2 -0.5 -0.5)
(2.1 -0.5 -0.5)
(2.2 -0.5 -0.5)
(2.3 -0.5 -0.5)
(2.4 -0.5 -0.5)
(2.5 -0.5 -0.5)
(2.6 -0.5 -0.5)
(2.7 -0.5 -0.5)
(2.8 -0.5 -0.5)
(2.9 -0.5 -0.5)
(3 -0.5 -0.5)
(3.1 -0.5 -0.5)
(3.2 -0.5 -0.5)
(3.3 -0.5 -0.5)
(3.4 -0.5 -0.5)
(3.5 -0.5 -0.5)
(3.6 -0.5 -0.5)
(3.7 -0.5 -0.5)
(3.8 -0.5 -0.5)
(3.9 -0.5 -0.5)
(4 -0.5 -0.5)
(4.1 -0.5 -0.5)
(4.2 -0.5 -0.5)
(4.3 -0.5 -0.5)
(4.4 -0.5 -0.5)
(4.5 -0.5 -0.5)
(4.6 -0.5 -0.5)
(4.7 -0.5 -0.5)
(4.8 -0.5 -0.5)
(4.9 -0.5 -0.5)
(5 -0.5 -0.5)
(-5 0.5 -0.5)
(-4.9 0.5 -0.5)
(-4.8 0.5 -0.5)
(-4.7 0.5 -0.5)
(-4.6 0.5 -0.5)
(-4.5 0.5 -0.5)
(-4.4 0.5 -0.5)
(-4.3 0.5 -0.5)
(-4.2 0.5 -0.5)
(-4.1 0.5 -0.5)
(-4 0.5 -0.5)
(-3.9 0.5 -0.5)
(-3.8 0.5 -0.5)
(-3.7 0.5 -0.5)
(-3.6 0.5 -0.5)
(-3.5 0.5 -0.5)
(-3.4 0.5 -0.5)
(-3.3 0.5 -0.5)
(-3.2 0.5 -0.5)
(-3.1 0.5 -0.5)
(-3 0.5 -0.5)
(-2.9 0.5 -0.5)
(-2.8 0.5 -0.5)
(-2.7 0.5 -0.5)
(-2.6 0.5 -0.5)
(-2.5 0.5 -0.5)
(-2.4 0.5 -0.5)
(-2.3 0.5 -0.5)
(-2.2 0.5 -0.5)
(-2.1 0.5 -0.5)
(-2 0.5 -0.5)
(-1.90110480832 0.5 -0.5)
(-1.80730830016 0.5 -0.5)
(-1.71834760558 0.5 -0.5)
(-1.63397340728 0.5 -0.5)
(-1.55394924185 0.5 -0.5)
(-1.47805083711 0.5 -0.5)
(-1.40606548354 0.5 -0.5)
(-1.33779143818 0.5 -0.5)
(-1.27303735921 0.5 -0.5)
(-1.2116217697 0.5 -0.5)
(-1.15337254904 0.5 -0.5)
(-1.09812645055 0.5 -0.5)
(-1.04572864395 0.5 -0.5)
(-0.996032281453 0.5 -0.5)
(-0.948898086246 0.5 -0.5)
(-0.904193962114 0.5 -0.5)
(-0.861794623254 0.5 -0.5)
(-0.821581243154 0.5 -0.5)
(-0.783441121573 0.5 -0.5)
(-0.747267368694 0.5 -0.5)
(-0.712958605556 0.5 -0.5)
(-0.680418679936 0.5 -0.5)
(-0.649556396878 0.5 -0.5)
(-0.620285263112 0.5 -0.5)
(-0.592523244653 0.5 -0.5)
(-0.566192536896 0.5 -0.5)
(-0.541219346563 0.5 -0.5)
(-0.517533684896 0.5 -0.5)
(-0.495069171506 0.5 -0.5)
(-0.473762848342 0.5 -0.5)
(-0.453555003244 0.5 -0.5)
(-0.4343890026 0.5 -0.5)
(-0.416211132623 0.5 -0.5)
(-0.398970448819 0.5 -0.5)
(-0.38261863321 0.5 -0.5)
(-0.36710985892 0.5 -0.5)
(-0.352400661745 0.5 -0.5)
(-0.338449818338 0.5 -0.5)
(-0.325218230684 0.5 -0.5)
(-0.312668816519 0.5 -0.5)
(-0.300766405411 0.5 -0.5)
(-0.289477640187 0.5 -0.5)
(-0.278770883455 0.5 -0.5)
(-0.268616128931 0.5 -0.5)
(-0.258984917349 0.5 -0.5)
(-0.249850256702 0.5 -0.5)
(-0.241186546593 0.5 -0.5)
(-0.232969506491 0.5 -0.5)
(-0.225176107684 0.5 -0.5)
(-0.217784508737 0.5 -0.5)
(-0.21077399428 0.5 -0.5)
(-0.204124916957 0.5 -0.5)
(-0.197818642356 0.5 -0.5)
(-0.191837496793 0.5 -0.5)
(-0.186164717773 0.5 -0.5)
(-0.180784407015 0.5 -0.5)
(-0.1756814859 0.5 -0.5)
(-0.170841653206 0.5 -0.5)
(-0.166251345032 0.5 -0.5)
(-0.161897696783 0.5 -0.5)
(-0.157768507117 0.5 -0.5)
(-0.15385220375 0.5 -0.5)
(-0.150137811023 0.5 -0.5)
(-0.146614919144 0.5 -0.5)
(-0.143273655011 0.5 -0.5)
(-0.140104654545 0.5 -0.5)
(-0.137099036446 0.5 -0.5)
(-0.134248377302 0.5 -0.5)
(-0.13154468798 0.5 -0.5)
(-0.128980391241 0.5 -0.5)
(-0.126548300501 0.5 -0.5)
(-0.124241599689 0.5 -0.5)
(-0.122053824147 0.5 -0.5)
(-0.119978842513 0.5 -0.5)
(-0.118010839535 0.5 -0.5)
(-0.116144299775 0.5 -0.5)
(-0.11437399215 0.5 -0.5)
(-0.112694955276 0.5 -0.5)
(-0.111102483557 0.5 -0.5)
(-0.109592114003 0.5 -0.5)
(-0.108159613719 0.5 -0.5)
(-0.106800968043 0.5 -0.5)
(-0.105512369294 0.5 -0.5)
(-0.104290206103 0.5 -0.5)
(-0.103131053289 0.5 -0.5)
(-0.102031662262 0.5 -0.5)
(-0.100988951917 0.5 -0.5)
(-0.1 0.5 -0.5)
(-0.099 0.5 -0.5)
(-0.098 0.5 -0.5)
(-0.097 0.5 -0.5)
(-0.096 0.5 -0.5)
(-0.095 0.5 -0.5)
(-0.094 0.5 -0.5)
(-0.093 0.5 -0.5)
(-0.092 0.5 -0.5)
(-0.091 0.5 -0.5)
(-0.09 0.5 -0.5)
(-0.089 0.5 -0.5)
(-0.088 0.5 -0.5)
(-0.087 0.5 -0.5)
(-0.086 0.5 -0.5)
(-0.085 0.5 -0.5)
(-0.084 0.5 -0.5)
(-0.083 0.5 -0.5)
(-0.082 0.5 -0.5)
(-0.081 0.5 -0.5)
(-0.08 0.5 -0.5)
(-0.079 0.5 -0.5)
(-0.078 0.5 -0.5)
(-0.077 0.5 -0.5)
(-0.076 0.5 -0.5)
(-0.075 0.5 -0.5)
(-0.074 0.5 -0.5)
(-0.073 0.5 -0.5)
(-0.072 0.5 -0.5)
(-0.071 0.5 -0.5)
(-0.07 0.5 -0.5)
(-0.069 0.5 -0.5)
(-0.068 0.5 -0.5)
(-0.067 0.5 -0.5)
(-0.066 0.5 -0.5)
(-0.065 0.5 -0.5)
(-0.064 0.5 -0.5)
(-0.063 0.5 -0.5)
(-0.062 0.5 -0.5)
(-0.061 0.5 -0.5)
(-0.06 0.5 -0.5)
(-0.059 0.5 -0.5)
(-0.058 0.5 -0.5)
(-0.057 0.5 -0.5)
(-0.056 0.5 -0.5)
(-0.055 0.5 -0.5)
(-0.054 0.5 -0.5)
(-0.053 0.5 -0.5)
(-0.052 0.5 -0.5)
(-0.051 0.5 -0.5)
(-0.05 0.5 -0.5)
(-0.049 0.5 -0.5)
(-0.048 0.5 -0.5)
(-0.047 0.5 -0.5)
(-0.046 0.5 -0.5)
(-0.045 0.5 -0.5)
(-0.044 0.5 -0.5)
(-0.043 0.5 -0.5)
(-0.042 0.5 -0.5)
(-0.041 0.5 -0.5)
(-0.04 0.5 -0.5)
(-0.039 0.5 -0.5)
(-0.038 0.5 -0.5)
(-0.037 0.5 -0.5)
(-0.036 0.5 -0.5)
(-0.035 0.5 -0.5)
(-0.034 0.5 -0.5)
(-0.033 0.5 -0.5)
(-0.032 0.5 -0.5)
(-0.031 0.5 -0.5)
(-0.03 0.5 -0.5)
(-0.029 0.5 -0.5)
(-0.028 0.5 -0.5)
(-0.027 0.5 -0.5)
(-0.026 0.5 -0.5)
(-0.025 0.5 -0.5)
(-0.024 0.5 -0.5)
(-0.023 0.5 -0.5)
(-0.022 0.5 -0.5)
(-0.021 0.5 -0.5)
(-0.02 0.5 -0.5)
(-0.019 0.5 -0.5)
(-0.018 0.5 -0.5)
(-0.017 0.5 -0.5)
(-0.016 0.5 -0.5)
(-0.015 0.5 -0.5)
(-0.014 0.5 -0.5)
(-0.013 0.5 -0.5)
(-0.012 0.5 -0.5)
(-0.011 0.5 -0.5)
(-0.01 0.5 -0.5)
(-0.009 0.5 -0.5)
(-0.008 0.5 -0.5)
(-0.007 0.5 -0.5)
(-0.006 0.5 -0.5)
(-0.005 0.5 -0.5)
(-0.004 0.5 -0.5)
(-0.003 0.5 -0.5)
(-0.002 0.5 -0.5)
(-0.000999999999999 0.5 -0.5)
(0 0.5 -0.5)
(0.000999999999999 0.5 -0.5)
(0.002 0.5 -0.5)
(0.003 0.5 -0.5)
(0.004 0.5 -0.5)
(0.005 0.5 -0.5)
(0.006 0.5 -0.5)
(0.007 0.5 -0.5)
(0.008 0.5 -0.5)
(0.009 0.5 -0.5)
(0.01 0.5 -0.5)
(0.011 0.5 -0.5)
(0.012 0.5 -0.5)
(0.013 0.5 -0.5)
(0.014 0.5 -0.5)
(0.015 0.5 -0.5)
(0.016 0.5 -0.5)
(0.017 0.5 -0.5)
(0.018 0.5 -0.5)
(0.019 0.5 -0.5)
(0.02 0.5 -0.5)
(0.021 0.5 -0.5)
(0.022 0.5 -0.5)
(0.023 0.5 -0.5)
(0.024 0.5 -0.5)
(0.025 0.5 -0.5)
(0.026 0.5 -0.5)
(0.027 0.5 -0.5)
(0.028 0.5 -0.5)
(0.029 0.5 -0.5)
(0.03 0.5 -0.5)
(0.031 0.5 -0.5)
(0.032 0.5 -0.5)
(0.033 0.5 -0.5)
(0.034 0.5 -0.5)
(0.035 0.5 -0.5)
(0.036 0.5 -0.5)
(0.037 0.5 -0.5)
(0.038 0.5 -0.5)
(0.039 0.5 -0.5)
(0.04 0.5 -0.5)
(0.041 0.5 -0.5)
(0.042 0.5 -0.5)
(0.043 0.5 -0.5)
(0.044 0.5 -0.5)
(0.045 0.5 -0.5)
(0.046 0.5 -0.5)
(0.047 0.5 -0.5)
(0.048 0.5 -0.5)
(0.049 0.5 -0.5)
(0.05 0.5 -0.5)
(0.051 0.5 -0.5)
(0.052 0.5 -0.5)
(0.053 0.5 -0.5)
(0.054 0.5 -0.5)
(0.055 0.5 -0.5)
(0.056 0.5 -0.5)
(0.057 0.5 -0.5)
(0.058 0.5 -0.5)
(0.059 0.5 -0.5)
(0.06 0.5 -0.5)
(0.061 0.5 -0.5)
(0.062 0.5 -0.5)
(0.063 0.5 -0.5)
(0.064 0.5 -0.5)
(0.065 0.5 -0.5)
(0.066 0.5 -0.5)
(0.067 0.5 -0.5)
(0.068 0.5 -0.5)
(0.069 0.5 -0.5)
(0.07 0.5 -0.5)
(0.071 0.5 -0.5)
(0.072 0.5 -0.5)
(0.073 0.5 -0.5)
(0.074 0.5 -0.5)
(0.075 0.5 -0.5)
(0.076 0.5 -0.5)
(0.077 0.5 -0.5)
(0.078 0.5 -0.5)
(0.079 0.5 -0.5)
(0.08 0.5 -0.5)
(0.081 0.5 -0.5)
(0.082 0.5 -0.5)
(0.083 0.5 -0.5)
(0.084 0.5 -0.5)
(0.085 0.5 -0.5)
(0.086 0.5 -0.5)
(0.087 0.5 -0.5)
(0.088 0.5 -0.5)
(0.089 0.5 -0.5)
(0.09 0.5 -0.5)
(0.091 0.5 -0.5)
(0.092 0.5 -0.5)
(0.093 0.5 -0.5)
(0.094 0.5 -0.5)
(0.095 0.5 -0.5)
(0.096 0.5 -0.5)
(0.097 0.5 -0.5)
(0.098 0.5 -0.5)
(0.099 0.5 -0.5)
(0.1 0.5 -0.5)
(0.100988951917 0.5 -0.5)
(0.102031662262 0.5 -0.5)
(0.103131053289 0.5 -0.5)
(0.104290206103 0.5 -0.5)
(0.105512369294 0.5 -0.5)
(0.106800968043 0.5 -0.5)
(0.108159613719 0.5 -0.5)
(0.109592114003 0.5 -0.5)
(0.111102483557 0.5 -0.5)
(0.112694955276 0.5 -0.5)
(0.11437399215 0.5 -0.5)
(0.116144299775 0.5 -0.5)
(0.118010839535 0.5 -0.5)
(0.119978842513 0.5 -0.5)
(0.122053824147 0.5 -0.5)
(0.124241599689 0.5 -0.5)
(0.126548300501 0.5 -0.5)
(0.128980391241 0.5 -0.5)
(0.13154468798 0.5 -0.5)
(0.134248377302 0.5 -0.5)
(0.137099036446 0.5 -0.5)
(0.140104654545 0.5 -0.5)
(0.143273655011 0.5 -0.5)
(0.146614919144 0.5 -0.5)
(0.150137811023 0.5 -0.5)
(0.15385220375 0.5 -0.5)
(0.157768507117 0.5 -0.5)
(0.161897696783 0.5 -0.5)
(0.166251345032 0.5 -0.5)
(0.170841653206 0.5 -0.5)
(0.1756814859 0.5 -0.5)
(0.180784407015 0.5 -0.5)
(0.186164717773 0.5 -0.5)
(0.191837496793 0.5 -0.5)
(0.197818642356 0.5 -0.5)
(0.204124916957 0.5 -0.5)
(0.21077399428 0.5 -0.5)
(0.217784508737 0.5 -0.5)
(0.225176107684 0.5 -0.5)
(0.232969506491 0.5 -0.5)
(0.241186546593 0.5 -0.5)
(0.249850256702 0.5 -0.5)
(0.258984917349 0.5 -0.5)
(0.268616128931 0.5 -0.5)
(0.278770883455 0.5 -0.5)
(0.289477640187 0.5 -0.5)
(0.300766405411 0.5 -0.5)
(0.312668816519 0.5 -0.5)
(0.325218230684 0.5 -0.5)
(0.338449818338 0.5 -0.5)
(0.352400661745 0.5 -0.5)
(0.36710985892 0.5 -0.5)
(0.38261863321 0.5 -0.5)
(0.398970448819 0.5 -0.5)
(0.416211132623 0.5 -0.5)
(0.4343890026 0.5 -0.5)
(0.453555003244 0.5 -0.5)
(0.473762848342 0.5 -0.5)
(0.495069171506 0.5 -0.5)
(0.517533684896 0.5 -0.5)
(0.541219346563 0.5 -0.5)
(0.566192536896 0.5 -0.5)
(0.592523244653 0.5 -0.5)
(0.620285263112 0.5 -0.5)
(0.649556396878 0.5 -0.5)
(0.680418679936 0.5 -0.5)
(0.712958605556 0.5 -0.5)
(0.747267368694 0.5 -0.5)
(0.783441121573 0.5 -0.5)
(0.821581243154 0.5 -0.5)
(0.861794623254 0.5 -0.5)
(0.904193962114 0.5 -0.5)
(0.948898086246 0.5 -0.5)
(0.996032281453 0.5 -0.5)
(1.04572864395 0.5 -0.5)
(1.09812645055 0.5 -0.5)
(1.15337254904 0.5 -0.5)
(1.2116217697 0.5 -0.5)
(1.27303735921 0.5 -0.5)
(1.33779143818 0.5 -0.5)
(1.40606548354 0.5 -0.5)
(1.47805083711 0.5 -0.5)
(1.55394924185 0.5 -0.5)
(1.63397340728 0.5 -0.5)
(1.71834760558 0.5 -0.5)
(1.80730830016 0.5 -0.5)
(1.90110480832 0.5 -0.5)
(2 0.5 -0.5)
(2.1 0.5 -0.5)
(2.2 0.5 -0.5)
(2.3 0.5 -0.5)
(2.4 0.5 -0.5)
(2.5 0.5 -0.5)
(2.6 0.5 -0.5)
(2.7 0.5 -0.5)
(2.8 0.5 -0.5)
(2.9 0.5 -0.5)
(3 0.5 -0.5)
(3.1 0.5 -0.5)
(3.2 0.5 -0.5)
(3.3 0.5 -0.5)
(3.4 0.5 -0.5)
(3.5 0.5 -0.5)
(3.6 0.5 -0.5)
(3.7 0.5 -0.5)
(3.8 0.5 -0.5)
(3.9 0.5 -0.5)
(4 0.5 -0.5)
(4.1 0.5 -0.5)
(4.2 0.5 -0.5)
(4.3 0.5 -0.5)
(4.4 0.5 -0.5)
(4.5 0.5 -0.5)
(4.6 0.5 -0.5)
(4.7 0.5 -0.5)
(4.8 0.5 -0.5)
(4.9 0.5 -0.5)
(5 0.5 -0.5)
(-5 -0.5 0.5)
(-4.9 -0.5 0.5)
(-4.8 -0.5 0.5)
(-4.7 -0.5 0.5)
(-4.6 -0.5 0.5)
(-4.5 -0.5 0.5)
(-4.4 -0.5 0.5)
(-4.3 -0.5 0.5)
(-4.2 -0.5 0.5)
(-4.1 -0.5 0.5)
(-4 -0.5 0.5)
(-3.9 -0.5 0.5)
(-3.8 -0.5 0.5)
(-3.7 -0.5 0.5)
(-3.6 -0.5 0.5)
(-3.5 -0.5 0.5)
(-3.4 -0.5 0.5)
(-3.3 -0.5 0.5)
(-3.2 -0.5 0.5)
(-3.1 -0.5 0.5)
(-3 -0.5 0.5)
(-2.9 -0.5 0.5)
(-2.8 -0.5 0.5)
(-2.7 -0.5 0.5)
(-2.6 -0.5 0.5)
(-2.5 -0.5 0.5)
(-2.4 -0.5 0.5)
(-2.3 -0.5 0.5)
(-2.2 -0.5 0.5)
(-2.1 -0.5 0.5)
(-2 -0.5 0.5)
(-1.90110480832 -0.5 0.5)
(-1.80730830016 -0.5 0.5)
(-1.71834760558 -0.5 0.5)
(-1.63397340728 -0.5 0.5)
(-1.55394924185 -0.5 0.5)
(-1.47805083711 -0.5 0.5)
(-1.40606548354 -0.5 0.5)
(-1.33779143818 -0.5 0.5)
(-1.27303735921 -0.5 0.5)
(-1.2116217697 -0.5 0.5)
(-1.15337254904 -0.5 0.5)
(-1.09812645055 -0.5 0.5)
(-1.04572864395 -0.5 0.5)
(-0.996032281453 -0.5 0.5)
(-0.948898086246 -0.5 0.5)
(-0.904193962114 -0.5 0.5)
(-0.861794623254 -0.5 0.5)
(-0.821581243154 -0.5 0.5)
(-0.783441121573 -0.5 0.5)
(-0.747267368694 -0.5 0.5)
(-0.712958605556 -0.5 0.5)
(-0.680418679936 -0.5 0.5)
(-0.649556396878 -0.5 0.5)
(-0.620285263112 -0.5 0.5)
(-0.592523244653 -0.5 0.5)
(-0.566192536896 -0.5 0.5)
(-0.541219346563 -0.5 0.5)
(-0.517533684896 -0.5 0.5)
(-0.495069171506 -0.5 0.5)
(-0.473762848342 -0.5 0.5)
(-0.453555003244 -0.5 0.5)
(-0.4343890026 -0.5 0.5)
(-0.416211132623 -0.5 0.5)
(-0.398970448819 -0.5 0.5)
(-0.38261863321 -0.5 0.5)
(-0.36710985892 -0.5 0.5)
(-0.352400661745 -0.5 0.5)
(-0.338449818338 -0.5 0.5)
(-0.325218230684 -0.5 0.5)
(-0.312668816519 -0.5 0.5)
(-0.300766405411 -0.5 0.5)
(-0.289477640187 -0.5 0.5)
(-0.278770883455 -0.5 0.5)
(-0.268616128931 -0.5 0.5)
(-0.258984917349 -0.5 0.5)
(-0.249850256702 -0.5 0.5)
(-0.241186546593 -0.5 0.5)
(-0.232969506491 -0.5 0.5)
(-0.225176107684 -0.5 0.5)
(-0.217784508737 -0.5 0.5)
(-0.21077399428 -0.5 0.5)
(-0.204124916957 -0.5 0.5)
(-0.197818642356 -0.5 0.5)
(-0.191837496793 -0.5 0.5)
(-0.186164717773 -0.5 0.5)
(-0.180784407015 -0.5 0.5)
(-0.1756814859 -0.5 0.5)
(-0.170841653206 -0.5 0.5)
(-0.166251345032 -0.5 0.5)
(-0.161897696783 -0.5 0.5)
(-0.157768507117 -0.5 0.5)
(-0.15385220375 -0.5 0.5)
(-0.150137811023 -0.5 0.5)
(-0.146614919144 -0.5 0.5)
(-0.143273655011 -0.5 0.5)
(-0.140104654545 -0.5 0.5)
(-0.137099036446 -0.5 0.5)
(-0.134248377302 -0.5 0.5)
(-0.13154468798 -0.5 0.5)
(-0.128980391241 -0.5 0.5)
(-0.126548300501 -0.5 0.5)
(-0.124241599689 -0.5 0.5)
(-0.122053824147 -0.5 0.5)
(-0.119978842513 -0.5 0.5)
(-0.118010839535 -0.5 0.5)
(-0.116144299775 -0.5 0.5)
(-0.11437399215 -0.5 0.5)
(-0.112694955276 -0.5 0.5)
(-0.111102483557 -0.5 0.5)
(-0.109592114003 -0.5 0.5)
(-0.108159613719 -0.5 0.5)
(-0.106800968043 -0.5 0.5)
(-0.105512369294 -0.5 0.5)
(-0.104290206103 -0.5 0.5)
(-0.103131053289 -0.5 0.5)
(-0.102031662262 -0.5 0.5)
(-0.100988951917 -0.5 0.5)
(-0.1 -0.5 0.5)
(-0.099 -0.5 0.5)
(-0.098 -0.5 0.5)
(-0.097 -0.5 0.5)
(-0.096 -0.5 0.5)
(-0.095 -0.5 0.5)
(-0.094 -0.5 0.5)
(-0.093 -0.5 0.5)
(-0.092 -0.5 0.5)
(-0.091 -0.5 0.5)
(-0.09 -0.5 0.5)
(-0.089 -0.5 0.5)
(-0.088 -0.5 0.5)
(-0.087 -0.5 0.5)
(-0.086 -0.5 0.5)
(-0.085 -0.5 0.5)
(-0.084 -0.5 0.5)
(-0.083 -0.5 0.5)
(-0.082 -0.5 0.5)
(-0.081 -0.5 0.5)
(-0.08 -0.5 0.5)
(-0.079 -0.5 0.5)
(-0.078 -0.5 0.5)
(-0.077 -0.5 0.5)
(-0.076 -0.5 0.5)
(-0.075 -0.5 0.5)
(-0.074 -0.5 0.5)
(-0.073 -0.5 0.5)
(-0.072 -0.5 0.5)
(-0.071 -0.5 0.5)
(-0.07 -0.5 0.5)
(-0.069 -0.5 0.5)
(-0.068 -0.5 0.5)
(-0.067 -0.5 0.5)
(-0.066 -0.5 0.5)
(-0.065 -0.5 0.5)
(-0.064 -0.5 0.5)
(-0.063 -0.5 0.5)
(-0.062 -0.5 0.5)
(-0.061 -0.5 0.5)
(-0.06 -0.5 0.5)
(-0.059 -0.5 0.5)
(-0.058 -0.5 0.5)
(-0.057 -0.5 0.5)
(-0.056 -0.5 0.5)
(-0.055 -0.5 0.5)
(-0.054 -0.5 0.5)
(-0.053 -0.5 0.5)
(-0.052 -0.5 0.5)
(-0.051 -0.5 0.5)
(-0.05 -0.5 0.5)
(-0.049 -0.5 0.5)
(-0.048 -0.5 0.5)
(-0.047 -0.5 0.5)
(-0.046 -0.5 0.5)
(-0.045 -0.5 0.5)
(-0.044 -0.5 0.5)
(-0.043 -0.5 0.5)
(-0.042 -0.5 0.5)
(-0.041 -0.5 0.5)
(-0.04 -0.5 0.5)
(-0.039 -0.5 0.5)
(-0.038 -0.5 0.5)
(-0.037 -0.5 0.5)
(-0.036 -0.5 0.5)
(-0.035 -0.5 0.5)
(-0.034 -0.5 0.5)
(-0.033 -0.5 0.5)
(-0.032 -0.5 0.5)
(-0.031 -0.5 0.5)
(-0.03 -0.5 0.5)
(-0.029 -0.5 0.5)
(-0.028 -0.5 0.5)
(-0.027 -0.5 0.5)
(-0.026 -0.5 0.5)
(-0.025 -0.5 0.5)
(-0.024 -0.5 0.5)
(-0.023 -0.5 0.5)
(-0.022 -0.5 0.5)
(-0.021 -0.5 0.5)
(-0.02 -0.5 0.5)
(-0.019 -0.5 0.5)
(-0.018 -0.5 0.5)
(-0.017 -0.5 0.5)
(-0.016 -0.5 0.5)
(-0.015 -0.5 0.5)
(-0.014 -0.5 0.5)
(-0.013 -0.5 0.5)
(-0.012 -0.5 0.5)
(-0.011 -0.5 0.5)
(-0.01 -0.5 0.5)
(-0.009 -0.5 0.5)
(-0.008 -0.5 0.5)
(-0.007 -0.5 0.5)
(-0.006 -0.5 0.5)
(-0.005 -0.5 0.5)
(-0.004 -0.5 0.5)
(-0.003 -0.5 0.5)
(-0.002 -0.5 0.5)
(-0.000999999999999 -0.5 0.5)
(0 -0.5 0.5)
(0.000999999999999 -0.5 0.5)
(0.002 -0.5 0.5)
(0.003 -0.5 0.5)
(0.004 -0.5 0.5)
(0.005 -0.5 0.5)
(0.006 -0.5 0.5)
(0.007 -0.5 0.5)
(0.008 -0.5 0.5)
(0.009 -0.5 0.5)
(0.01 -0.5 0.5)
(0.011 -0.5 0.5)
(0.012 -0.5 0.5)
(0.013 -0.5 0.5)
(0.014 -0.5 0.5)
(0.015 -0.5 0.5)
(0.016 -0.5 0.5)
(0.017 -0.5 0.5)
(0.018 -0.5 0.5)
(0.019 -0.5 0.5)
(0.02 -0.5 0.5)
(0.021 -0.5 0.5)
(0.022 -0.5 0.5)
(0.023 -0.5 0.5)
(0.024 -0.5 0.5)
(0.025 -0.5 0.5)
(0.026 -0.5 0.5)
(0.027 -0.5 0.5)
(0.028 -0.5 0.5)
(0.029 -0.5 0.5)
(0.03 -0.5 0.5)
(0.031 -0.5 0.5)
(0.032 -0.5 0.5)
(0.033 -0.5 0.5)
(0.034 -0.5 0.5)
(0.035 -0.5 0.5)
(0.036 -0.5 0.5)
(0.037 -0.5 0.5)
(0.038 -0.5 0.5)
(0.039 -0.5 0.5)
(0.04 -0.5 0.5)
(0.041 -0.5 0.5)
(0.042 -0.5 0.5)
(0.043 -0.5 0.5)
(0.044 -0.5 0.5)
(0.045 -0.5 0.5)
(0.046 -0.5 0.5)
(0.047 -0.5 0.5)
(0.048 -0.5 0.5)
(0.049 -0.5 0.5)
(0.05 -0.5 0.5)
(0.051 -0.5 0.5)
(0.052 -0.5 0.5)
(0.053 -0.5 0.5)
(0.054 -0.5 0.5)
(0.055 -0.5 0.5)
(0.056 -0.5 0.5)
(0.057 -0.5 0.5)
(0.058 -0.5 0.5)
(0.059 -0.5 0.5)
(0.06 -0.5 0.5)
(0.061 -0.5 0.5)
(0.062 -0.5 0.5)
(0.063 -0.5 0.5)
(0.064 -0.5 0.5)
(0.065 -0.5 0.5)
(0.066 -0.5 0.5)
(0.067 -0.5 0.5)
(0.068 -0.5 0.5)
(0.069 -0.5 0.5)
(0.07 -0.5 0.5)
(0.071 -0.5 0.5)
(0.072 -0.5 0.5)
(0.073 -0.5 0.5)
(0.074 -0.5 0.5)
(0.075 -0.5 0.5)
(0.076 -0.5 0.5)
(0.077 -0.5 0.5)
(0.078 -0.5 0.5)
(0.079 -0.5 0.5)
(0.08 -0.5 0.5)
(0.081 -0.5 0.5)
(0.082 -0.5 0.5)
(0.083 -0.5 0.5)
(0.084 -0.5 0.5)
(0.085 -0.5 0.5)
(0.086 -0.5 0.5)
(0.087 -0.5 0.5)
(0.088 -0.5 0.5)
(0.089 -0.5 0.5)
(0.09 -0.5 0.5)
(0.091 -0.5 0.5)
(0.092 -0.5 0.5)
(0.093 -0.5 0.5)
(0.094 -0.5 0.5)
(0.095 -0.5 0.5)
(0.096 -0.5 0.5)
(0.097 -0.5 0.5)
(0.098 -0.5 0.5)
(0.099 -0.5 0.5)
(0.1 -0.5 0.5)
(0.100988951917 -0.5 0.5)
(0.102031662262 -0.5 0.5)
(0.103131053289 -0.5 0.5)
(0.104290206103 -0.5 0.5)
(0.105512369294 -0.5 0.5)
(0.106800968043 -0.5 0.5)
(0.108159613719 -0.5 0.5)
(0.109592114003 -0.5 0.5)
(0.111102483557 -0.5 0.5)
(0.112694955276 -0.5 0.5)
(0.11437399215 -0.5 0.5)
(0.116144299775 -0.5 0.5)
(0.118010839535 -0.5 0.5)
(0.119978842513 -0.5 0.5)
(0.122053824147 -0.5 0.5)
(0.124241599689 -0.5 0.5)
(0.126548300501 -0.5 0.5)
(0.128980391241 -0.5 0.5)
(0.13154468798 -0.5 0.5)
(0.134248377302 -0.5 0.5)
(0.137099036446 -0.5 0.5)
(0.140104654545 -0.5 0.5)
(0.143273655011 -0.5 0.5)
(0.146614919144 -0.5 0.5)
(0.150137811023 -0.5 0.5)
(0.15385220375 -0.5 0.5)
(0.157768507117 -0.5 0.5)
(0.161897696783 -0.5 0.5)
(0.166251345032 -0.5 0.5)
(0.170841653206 -0.5 0.5)
(0.1756814859 -0.5 0.5)
(0.180784407015 -0.5 0.5)
(0.186164717773 -0.5 0.5)
(0.191837496793 -0.5 0.5)
(0.197818642356 -0.5 0.5)
(0.204124916957 -0.5 0.5)
(0.21077399428 -0.5 0.5)
(0.217784508737 -0.5 0.5)
(0.225176107684 -0.5 0.5)
(0.232969506491 -0.5 0.5)
(0.241186546593 -0.5 0.5)
(0.249850256702 -0.5 0.5)
(0.258984917349 -0.5 0.5)
(0.268616128931 -0.5 0.5)
(0.278770883455 -0.5 0.5)
(0.289477640187 -0.5 0.5)
(0.300766405411 -0.5 0.5)
(0.312668816519 -0.5 0.5)
(0.325218230684 -0.5 0.5)
(0.338449818338 -0.5 0.5)
(0.352400661745 -0.5 0.5)
(0.36710985892 -0.5 0.5)
(0.38261863321 -0.5 0.5)
(0.398970448819 -0.5 0.5)
(0.416211132623 -0.5 0.5)
(0.4343890026 -0.5 0.5)
(0.453555003244 -0.5 0.5)
(0.473762848342 -0.5 0.5)
(0.495069171506 -0.5 0.5)
(0.517533684896 -0.5 0.5)
(0.541219346563 -0.5 0.5)
(0.566192536896 -0.5 0.5)
(0.592523244653 -0.5 0.5)
(0.620285263112 -0.5 0.5)
(0.649556396878 -0.5 0.5)
(0.680418679936 -0.5 0.5)
(0.712958605556 -0.5 0.5)
(0.747267368694 -0.5 0.5)
(0.783441121573 -0.5 0.5)
(0.821581243154 -0.5 0.5)
(0.861794623254 -0.5 0.5)
(0.904193962114 -0.5 0.5)
(0.948898086246 -0.5 0.5)
(0.996032281453 -0.5 0.5)
(1.04572864395 -0.5 0.5)
(1.09812645055 -0.5 0.5)
(1.15337254904 -0.5 0.5)
(1.2116217697 -0.5 0.5)
(1.27303735921 -0.5 0.5)
(1.33779143818 -0.5 0.5)
(1.40606548354 -0.5 0.5)
(1.47805083711 -0.5 0.5)
(1.55394924185 -0.5 0.5)
(1.63397340728 -0.5 0.5)
(1.71834760558 -0.5 0.5)
(1.80730830016 -0.5 0.5)
(1.90110480832 -0.5 0.5)
(2 -0.5 0.5)
(2.1 -0.5 0.5)
(2.2 -0.5 0.5)
(2.3 -0.5 0.5)
(2.4 -0.5 0.5)
(2.5 -0.5 0.5)
(2.6 -0.5 0.5)
(2.7 -0.5 0.5)
(2.8 -0.5 0.5)
(2.9 -0.5 0.5)
(3 -0.5 0.5)
(3.1 -0.5 0.5)
(3.2 -0.5 0.5)
(3.3 -0.5 0.5)
(3.4 -0.5 0.5)
(3.5 -0.5 0.5)
(3.6 -0.5 0.5)
(3.7 -0.5 0.5)
(3.8 -0.5 0.5)
(3.9 -0.5 0.5)
(4 -0.5 0.5)
(4.1 -0.5 0.5)
(4.2 -0.5 0.5)
(4.3 -0.5 0.5)
(4.4 -0.5 0.5)
(4.5 -0.5 0.5)
(4.6 -0.5 0.5)
(4.7 -0.5 0.5)
(4.8 -0.5 0.5)
(4.9 -0.5 0.5)
(5 -0.5 0.5)
(-5 0.5 0.5)
(-4.9 0.5 0.5)
(-4.8 0.5 0.5)
(-4.7 0.5 0.5)
(-4.6 0.5 0.5)
(-4.5 0.5 0.5)
(-4.4 0.5 0.5)
(-4.3 0.5 0.5)
(-4.2 0.5 0.5)
(-4.1 0.5 0.5)
(-4 0.5 0.5)
(-3.9 0.5 0.5)
(-3.8 0.5 0.5)
(-3.7 0.5 0.5)
(-3.6 0.5 0.5)
(-3.5 0.5 0.5)
(-3.4 0.5 0.5)
(-3.3 0.5 0.5)
(-3.2 0.5 0.5)
(-3.1 0.5 0.5)
(-3 0.5 0.5)
(-2.9 0.5 0.5)
(-2.8 0.5 0.5)
(-2.7 0.5 0.5)
(-2.6 0.5 0.5)
(-2.5 0.5 0.5)
(-2.4 0.5 0.5)
(-2.3 0.5 0.5)
(-2.2 0.5 0.5)
(-2.1 0.5 0.5)
(-2 0.5 0.5)
(-1.90110480832 0.5 0.5)
(-1.80730830016 0.5 0.5)
(-1.71834760558 0.5 0.5)
(-1.63397340728 0.5 0.5)
(-1.55394924185 0.5 0.5)
(-1.47805083711 0.5 0.5)
(-1.40606548354 0.5 0.5)
(-1.33779143818 0.5 0.5)
(-1.27303735921 0.5 0.5)
(-1.2116217697 0.5 0.5)
(-1.15337254904 0.5 0.5)
(-1.09812645055 0.5 0.5)
(-1.04572864395 0.5 0.5)
(-0.996032281453 0.5 0.5)
(-0.948898086246 0.5 0.5)
(-0.904193962114 0.5 0.5)
(-0.861794623254 0.5 0.5)
(-0.821581243154 0.5 0.5)
(-0.783441121573 0.5 0.5)
(-0.747267368694 0.5 0.5)
(-0.712958605556 0.5 0.5)
(-0.680418679936 0.5 0.5)
(-0.649556396878 0.5 0.5)
(-0.620285263112 0.5 0.5)
(-0.592523244653 0.5 0.5)
(-0.566192536896 0.5 0.5)
(-0.541219346563 0.5 0.5)
(-0.517533684896 0.5 0.5)
(-0.495069171506 0.5 0.5)
(-0.473762848342 0.5 0.5)
(-0.453555003244 0.5 0.5)
(-0.4343890026 0.5 0.5)
(-0.416211132623 0.5 0.5)
(-0.398970448819 0.5 0.5)
(-0.38261863321 0.5 0.5)
(-0.36710985892 0.5 0.5)
(-0.352400661745 0.5 0.5)
(-0.338449818338 0.5 0.5)
(-0.325218230684 0.5 0.5)
(-0.312668816519 0.5 0.5)
(-0.300766405411 0.5 0.5)
(-0.289477640187 0.5 0.5)
(-0.278770883455 0.5 0.5)
(-0.268616128931 0.5 0.5)
(-0.258984917349 0.5 0.5)
(-0.249850256702 0.5 0.5)
(-0.241186546593 0.5 0.5)
(-0.232969506491 0.5 0.5)
(-0.225176107684 0.5 0.5)
(-0.217784508737 0.5 0.5)
(-0.21077399428 0.5 0.5)
(-0.204124916957 0.5 0.5)
(-0.197818642356 0.5 0.5)
(-0.191837496793 0.5 0.5)
(-0.186164717773 0.5 0.5)
(-0.180784407015 0.5 0.5)
(-0.1756814859 0.5 0.5)
(-0.170841653206 0.5 0.5)
(-0.166251345032 0.5 0.5)
(-0.161897696783 0.5 0.5)
(-0.157768507117 0.5 0.5)
(-0.15385220375 0.5 0.5)
(-0.150137811023 0.5 0.5)
(-0.146614919144 0.5 0.5)
(-0.143273655011 0.5 0.5)
(-0.140104654545 0.5 0.5)
(-0.137099036446 0.5 0.5)
(-0.134248377302 0.5 0.5)
(-0.13154468798 0.5 0.5)
(-0.128980391241 0.5 0.5)
(-0.126548300501 0.5 0.5)
(-0.124241599689 0.5 0.5)
(-0.122053824147 0.5 0.5)
(-0.119978842513 0.5 0.5)
(-0.118010839535 0.5 0.5)
(-0.116144299775 0.5 0.5)
(-0.11437399215 0.5 0.5)
(-0.112694955276 0.5 0.5)
(-0.111102483557 0.5 0.5)
(-0.109592114003 0.5 0.5)
(-0.108159613719 0.5 0.5)
(-0.106800968043 0.5 0.5)
(-0.105512369294 0.5 0.5)
(-0.104290206103 0.5 0.5)
(-0.103131053289 0.5 0.5)
(-0.102031662262 0.5 0.5)
(-0.100988951917 0.5 0.5)
(-0.1 0.5 0.5)
(-0.099 0.5 0.5)
(-0.098 0.5 0.5)
(-0.097 0.5 0.5)
(-0.096 0.5 0.5)
(-0.095 0.5 0.5)
(-0.094 0.5 0.5)
(-0.093 0.5 0.5)
(-0.092 0.5 0.5)
(-0.091 0.5 0.5)
(-0.09 0.5 0.5)
(-0.089 0.5 0.5)
(-0.088 0.5 0.5)
(-0.087 0.5 0.5)
(-0.086 0.5 0.5)
(-0.085 0.5 0.5)
(-0.084 0.5 0.5)
(-0.083 0.5 0.5)
(-0.082 0.5 0.5)
(-0.081 0.5 0.5)
(-0.08 0.5 0.5)
(-0.079 0.5 0.5)
(-0.078 0.5 0.5)
(-0.077 0.5 0.5)
(-0.076 0.5 0.5)
(-0.075 0.5 0.5)
(-0.074 0.5 0.5)
(-0.073 0.5 0.5)
(-0.072 0.5 0.5)
(-0.071 0.5 0.5)
(-0.07 0.5 0.5)
(-0.069 0.5 0.5)
(-0.068 0.5 0.5)
(-0.067 0.5 0.5)
(-0.066 0.5 0.5)
(-0.065 0.5 0.5)
(-0.064 0.5 0.5)
(-0.063 0.5 0.5)
(-0.062 0.5 0.5)
(-0.061 0.5 0.5)
(-0.06 0.5 0.5)
(-0.059 0.5 0.5)
(-0.058 0.5 0.5)
(-0.057 0.5 0.5)
(-0.056 0.5 0.5)
(-0.055 0.5 0.5)
(-0.054 0.5 0.5)
(-0.053 0.5 0.5)
(-0.052 0.5 0.5)
(-0.051 0.5 0.5)
(-0.05 0.5 0.5)
(-0.049 0.5 0.5)
(-0.048 0.5 0.5)
(-0.047 0.5 0.5)
(-0.046 0.5 0.5)
(-0.045 0.5 0.5)
(-0.044 0.5 0.5)
(-0.043 0.5 0.5)
(-0.042 0.5 0.5)
(-0.041 0.5 0.5)
(-0.04 0.5 0.5)
(-0.039 0.5 0.5)
(-0.038 0.5 0.5)
(-0.037 0.5 0.5)
(-0.036 0.5 0.5)
(-0.035 0.5 0.5)
(-0.034 0.5 0.5)
(-0.033 0.5 0.5)
(-0.032 0.5 0.5)
(-0.031 0.5 0.5)
(-0.03 0.5 0.5)
(-0.029 0.5 0.5)
(-0.028 0.5 0.5)
(-0.027 0.5 0.5)
(-0.026 0.5 0.5)
(-0.025 0.5 0.5)
(-0.024 0.5 0.5)
(-0.023 0.5 0.5)
(-0.022 0.5 0.5)
(-0.021 0.5 0.5)
(-0.02 0.5 0.5)
(-0.019 0.5 0.5)
(-0.018 0.5 0.5)
(-0.017 0.5 0.5)
(-0.016 0.5 0.5)
(-0.015 0.5 0.5)
(-0.014 0.5 0.5)
(-0.013 0.5 0.5)
(-0.012 0.5 0.5)
(-0.011 0.5 0.5)
(-0.01 0.5 0.5)
(-0.009 0.5 0.5)
(-0.008 0.5 0.5)
(-0.007 0.5 0.5)
(-0.006 0.5 0.5)
(-0.005 0.5 0.5)
(-0.004 0.5 0.5)
(-0.003 0.5 0.5)
(-0.002 0.5 0.5)
(-0.000999999999999 0.5 0.5)
(0 0.5 0.5)
(0.000999999999999 0.5 0.5)
(0.002 0.5 0.5)
(0.003 0.5 0.5)
(0.004 0.5 0.5)
(0.005 0.5 0.5)
(0.006 0.5 0.5)
(0.007 0.5 0.5)
(0.008 0.5 0.5)
(0.009 0.5 0.5)
(0.01 0.5 0.5)
(0.011 0.5 0.5)
(0.012 0.5 0.5)
(0.013 0.5 0.5)
(0.014 0.5 0.5)
(0.015 0.5 0.5)
(0.016 0.5 0.5)
(0.017 0.5 0.5)
(0.018 0.5 0.5)
(0.019 0.5 0.5)
(0.02 0.5 0.5)
(0.021 0.5 0.5)
(0.022 0.5 0.5)
(0.023 0.5 0.5)
(0.024 0.5 0.5)
(0.025 0.5 0.5)
(0.026 0.5 0.5)
(0.027 0.5 0.5)
(0.028 0.5 0.5)
(0.029 0.5 0.5)
(0.03 0.5 0.5)
(0.031 0.5 0.5)
(0.032 0.5 0.5)
(0.033 0.5 0.5)
(0.034 0.5 0.5)
(0.035 0.5 0.5)
(0.036 0.5 0.5)
(0.037 0.5 0.5)
(0.038 0.5 0.5)
(0.039 0.5 0.5)
(0.04 0.5 0.5)
(0.041 0.5 0.5)
(0.042 0.5 0.5)
(0.043 0.5 0.5)
(0.044 0.5 0.5)
(0.045 0.5 0.5)
(0.046 0.5 0.5)
(0.047 0.5 0.5)
(0.048 0.5 0.5)
(0.049 0.5 0.5)
(0.05 0.5 0.5)
(0.051 0.5 0.5)
(0.052 0.5 0.5)
(0.053 0.5 0.5)
(0.054 0.5 0.5)
(0.055 0.5 0.5)
(0.056 0.5 0.5)
(0.057 0.5 0.5)
(0.058 0.5 0.5)
(0.059 0.5 0.5)
(0.06 0.5 0.5)
(0.061 0.5 0.5)
(0.062 0.5 0.5)
(0.063 0.5 0.5)
(0.064 0.5 0.5)
(0.065 0.5 0.5)
(0.066 0.5 0.5)
(0.067 0.5 0.5)
(0.068 0.5 0.5)
(0.069 0.5 0.5)
(0.07 0.5 0.5)
(0.071 0.5 0.5)
(0.072 0.5 0.5)
(0.073 0.5 0.5)
(0.074 0.5 0.5)
(0.075 0.5 0.5)
(0.076 0.5 0.5)
(0.077 0.5 0.5)
(0.078 0.5 0.5)
(0.079 0.5 0.5)
(0.08 0.5 0.5)
(0.081 0.5 0.5)
(0.082 0.5 0.5)
(0.083 0.5 0.5)
(0.084 0.5 0.5)
(0.085 0.5 0.5)
(0.086 0.5 0.5)
(0.087 0.5 0.5)
(0.088 0.5 0.5)
(0.089 0.5 0.5)
(0.09 0.5 0.5)
(0.091 0.5 0.5)
(0.092 0.5 0.5)
(0.093 0.5 0.5)
(0.094 0.5 0.5)
(0.095 0.5 0.5)
(0.096 0.5 0.5)
(0.097 0.5 0.5)
(0.098 0.5 0.5)
(0.099 0.5 0.5)
(0.1 0.5 0.5)
(0.100988951917 0.5 0.5)
(0.102031662262 0.5 0.5)
(0.103131053289 0.5 0.5)
(0.104290206103 0.5 0.5)
(0.105512369294 0.5 0.5)
(0.106800968043 0.5 0.5)
(0.108159613719 0.5 0.5)
(0.109592114003 0.5 0.5)
(0.111102483557 0.5 0.5)
(0.112694955276 0.5 0.5)
(0.11437399215 0.5 0.5)
(0.116144299775 0.5 0.5)
(0.118010839535 0.5 0.5)
(0.119978842513 0.5 0.5)
(0.122053824147 0.5 0.5)
(0.124241599689 0.5 0.5)
(0.126548300501 0.5 0.5)
(0.128980391241 0.5 0.5)
(0.13154468798 0.5 0.5)
(0.134248377302 0.5 0.5)
(0.137099036446 0.5 0.5)
(0.140104654545 0.5 0.5)
(0.143273655011 0.5 0.5)
(0.146614919144 0.5 0.5)
(0.150137811023 0.5 0.5)
(0.15385220375 0.5 0.5)
(0.157768507117 0.5 0.5)
(0.161897696783 0.5 0.5)
(0.166251345032 0.5 0.5)
(0.170841653206 0.5 0.5)
(0.1756814859 0.5 0.5)
(0.180784407015 0.5 0.5)
(0.186164717773 0.5 0.5)
(0.191837496793 0.5 0.5)
(0.197818642356 0.5 0.5)
(0.204124916957 0.5 0.5)
(0.21077399428 0.5 0.5)
(0.217784508737 0.5 0.5)
(0.225176107684 0.5 0.5)
(0.232969506491 0.5 0.5)
(0.241186546593 0.5 0.5)
(0.249850256702 0.5 0.5)
(0.258984917349 0.5 0.5)
(0.268616128931 0.5 0.5)
(0.278770883455 0.5 0.5)
(0.289477640187 0.5 0.5)
(0.300766405411 0.5 0.5)
(0.312668816519 0.5 0.5)
(0.325218230684 0.5 0.5)
(0.338449818338 0.5 0.5)
(0.352400661745 0.5 0.5)
(0.36710985892 0.5 0.5)
(0.38261863321 0.5 0.5)
(0.398970448819 0.5 0.5)
(0.416211132623 0.5 0.5)
(0.4343890026 0.5 0.5)
(0.453555003244 0.5 0.5)
(0.473762848342 0.5 0.5)
(0.495069171506 0.5 0.5)
(0.517533684896 0.5 0.5)
(0.541219346563 0.5 0.5)
(0.566192536896 0.5 0.5)
(0.592523244653 0.5 0.5)
(0.620285263112 0.5 0.5)
(0.649556396878 0.5 0.5)
(0.680418679936 0.5 0.5)
(0.712958605556 0.5 0.5)
(0.747267368694 0.5 0.5)
(0.783441121573 0.5 0.5)
(0.821581243154 0.5 0.5)
(0.861794623254 0.5 0.5)
(0.904193962114 0.5 0.5)
(0.948898086246 0.5 0.5)
(0.996032281453 0.5 0.5)
(1.04572864395 0.5 0.5)
(1.09812645055 0.5 0.5)
(1.15337254904 0.5 0.5)
(1.2116217697 0.5 0.5)
(1.27303735921 0.5 0.5)
(1.33779143818 0.5 0.5)
(1.40606548354 0.5 0.5)
(1.47805083711 0.5 0.5)
(1.55394924185 0.5 0.5)
(1.63397340728 0.5 0.5)
(1.71834760558 0.5 0.5)
(1.80730830016 0.5 0.5)
(1.90110480832 0.5 0.5)
(2 0.5 0.5)
(2.1 0.5 0.5)
(2.2 0.5 0.5)
(2.3 0.5 0.5)
(2.4 0.5 0.5)
(2.5 0.5 0.5)
(2.6 0.5 0.5)
(2.7 0.5 0.5)
(2.8 0.5 0.5)
(2.9 0.5 0.5)
(3 0.5 0.5)
(3.1 0.5 0.5)
(3.2 0.5 0.5)
(3.3 0.5 0.5)
(3.4 0.5 0.5)
(3.5 0.5 0.5)
(3.6 0.5 0.5)
(3.7 0.5 0.5)
(3.8 0.5 0.5)
(3.9 0.5 0.5)
(4 0.5 0.5)
(4.1 0.5 0.5)
(4.2 0.5 0.5)
(4.3 0.5 0.5)
(4.4 0.5 0.5)
(4.5 0.5 0.5)
(4.6 0.5 0.5)
(4.7 0.5 0.5)
(4.8 0.5 0.5)
(4.9 0.5 0.5)
(5 0.5 0.5)
)


// ************************************************************************* //
