/*--------------------------------*- C++ -*----------------------------------*\
| =========                 |                                                 |
| \\      /  F ield         | OpenFOAM: The Open Source CFD Toolbox           |
|  \\    /   O peration     | Version:  v1906                                 |
|   \\  /    A nd           | Web:      www.OpenFOAM.com                      |
|    \\/     M anipulation  |                                                 |
\*---------------------------------------------------------------------------*/
FoamFile
{
    version     2.0;
    format      ascii;
    class       faceList;
    location    "constant/polyMesh";
    object      faces;
}
// * * * * * * * * * * * * * * * * * * * * * * * * * * * * * * * * * * * * * //


4182
(
4(1 402 1204 803)
4(2 403 1205 804)
4(3 404 1206 805)
4(4 405 1207 806)
4(5 406 1208 807)
4(6 407 1209 808)
4(7 408 1210 809)
4(8 409 1211 810)
4(9 410 1212 811)
4(10 411 1213 812)
4(11 412 1214 813)
4(12 413 1215 814)
4(13 414 1216 815)
4(14 415 1217 816)
4(15 416 1218 817)
4(16 417 1219 818)
4(17 418 1220 819)
4(18 419 1221 820)
4(19 420 1222 821)
4(20 421 1223 822)
4(21 422 1224 823)
4(22 423 1225 824)
4(23 424 1226 825)
4(24 425 1227 826)
4(25 426 1228 827)
4(26 427 1229 828)
4(27 428 1230 829)
4(28 429 1231 830)
4(29 430 1232 831)
4(30 431 1233 832)
4(31 432 1234 833)
4(32 433 1235 834)
4(33 434 1236 835)
4(34 435 1237 836)
4(35 436 1238 837)
4(36 437 1239 838)
4(37 438 1240 839)
4(38 439 1241 840)
4(39 440 1242 841)
4(40 441 1243 842)
4(41 442 1244 843)
4(42 443 1245 844)
4(43 444 1246 845)
4(44 445 1247 846)
4(45 446 1248 847)
4(46 447 1249 848)
4(47 448 1250 849)
4(48 449 1251 850)
4(49 450 1252 851)
4(50 451 1253 852)
4(51 452 1254 853)
4(52 453 1255 854)
4(53 454 1256 855)
4(54 455 1257 856)
4(55 456 1258 857)
4(56 457 1259 858)
4(57 458 1260 859)
4(58 459 1261 860)
4(59 460 1262 861)
4(60 461 1263 862)
4(61 462 1264 863)
4(62 463 1265 864)
4(63 464 1266 865)
4(64 465 1267 866)
4(65 466 1268 867)
4(66 467 1269 868)
4(67 468 1270 869)
4(68 469 1271 870)
4(69 470 1272 871)
4(70 471 1273 872)
4(71 472 1274 873)
4(72 473 1275 874)
4(73 474 1276 875)
4(74 475 1277 876)
4(75 476 1278 877)
4(76 477 1279 878)
4(77 478 1280 879)
4(78 479 1281 880)
4(79 480 1282 881)
4(80 481 1283 882)
4(81 482 1284 883)
4(82 483 1285 884)
4(83 484 1286 885)
4(84 485 1287 886)
4(85 486 1288 887)
4(86 487 1289 888)
4(87 488 1290 889)
4(88 489 1291 890)
4(89 490 1292 891)
4(90 491 1293 892)
4(91 492 1294 893)
4(92 493 1295 894)
4(93 494 1296 895)
4(94 495 1297 896)
4(95 496 1298 897)
4(96 497 1299 898)
4(97 498 1300 899)
4(98 499 1301 900)
4(99 500 1302 901)
4(100 501 1303 902)
4(101 502 1304 903)
4(102 503 1305 904)
4(103 504 1306 905)
4(104 505 1307 906)
4(105 506 1308 907)
4(106 507 1309 908)
4(107 508 1310 909)
4(108 509 1311 910)
4(109 510 1312 911)
4(110 511 1313 912)
4(111 512 1314 913)
4(112 513 1315 914)
4(113 514 1316 915)
4(114 515 1317 916)
4(115 516 1318 917)
4(116 517 1319 918)
4(117 518 1320 919)
4(118 519 1321 920)
4(119 520 1322 921)
4(120 521 1323 922)
4(121 522 1324 923)
4(122 523 1325 924)
4(123 524 1326 925)
4(124 525 1327 926)
4(125 526 1328 927)
4(126 527 1329 928)
4(127 528 1330 929)
4(128 529 1331 930)
4(129 530 1332 931)
4(130 531 1333 932)
4(131 532 1334 933)
4(132 533 1335 934)
4(133 534 1336 935)
4(134 535 1337 936)
4(135 536 1338 937)
4(136 537 1339 938)
4(137 538 1340 939)
4(138 539 1341 940)
4(139 540 1342 941)
4(140 541 1343 942)
4(141 542 1344 943)
4(142 543 1345 944)
4(143 544 1346 945)
4(144 545 1347 946)
4(145 546 1348 947)
4(146 547 1349 948)
4(147 548 1350 949)
4(148 549 1351 950)
4(149 550 1352 951)
4(150 551 1353 952)
4(151 552 1354 953)
4(152 553 1355 954)
4(153 554 1356 955)
4(154 555 1357 956)
4(155 556 1358 957)
4(156 557 1359 958)
4(157 558 1360 959)
4(158 559 1361 960)
4(159 560 1362 961)
4(160 561 1363 962)
4(161 562 1364 963)
4(162 563 1365 964)
4(163 564 1366 965)
4(164 565 1367 966)
4(165 566 1368 967)
4(166 567 1369 968)
4(167 568 1370 969)
4(168 569 1371 970)
4(169 570 1372 971)
4(170 571 1373 972)
4(171 572 1374 973)
4(172 573 1375 974)
4(173 574 1376 975)
4(174 575 1377 976)
4(175 576 1378 977)
4(176 577 1379 978)
4(177 578 1380 979)
4(178 579 1381 980)
4(179 580 1382 981)
4(180 581 1383 982)
4(181 582 1384 983)
4(182 583 1385 984)
4(183 584 1386 985)
4(184 585 1387 986)
4(185 586 1388 987)
4(186 587 1389 988)
4(187 588 1390 989)
4(188 589 1391 990)
4(189 590 1392 991)
4(190 591 1393 992)
4(191 592 1394 993)
4(192 593 1395 994)
4(193 594 1396 995)
4(194 595 1397 996)
4(195 596 1398 997)
4(196 597 1399 998)
4(197 598 1400 999)
4(198 599 1401 1000)
4(199 600 1402 1001)
4(200 601 1403 1002)
4(201 602 1404 1003)
4(202 603 1405 1004)
4(203 604 1406 1005)
4(204 605 1407 1006)
4(205 606 1408 1007)
4(206 607 1409 1008)
4(207 608 1410 1009)
4(208 609 1411 1010)
4(209 610 1412 1011)
4(210 611 1413 1012)
4(211 612 1414 1013)
4(212 613 1415 1014)
4(213 614 1416 1015)
4(214 615 1417 1016)
4(215 616 1418 1017)
4(216 617 1419 1018)
4(217 618 1420 1019)
4(218 619 1421 1020)
4(219 620 1422 1021)
4(220 621 1423 1022)
4(221 622 1424 1023)
4(222 623 1425 1024)
4(223 624 1426 1025)
4(224 625 1427 1026)
4(225 626 1428 1027)
4(226 627 1429 1028)
4(227 628 1430 1029)
4(228 629 1431 1030)
4(229 630 1432 1031)
4(230 631 1433 1032)
4(231 632 1434 1033)
4(232 633 1435 1034)
4(233 634 1436 1035)
4(234 635 1437 1036)
4(235 636 1438 1037)
4(236 637 1439 1038)
4(237 638 1440 1039)
4(238 639 1441 1040)
4(239 640 1442 1041)
4(240 641 1443 1042)
4(241 642 1444 1043)
4(242 643 1445 1044)
4(243 644 1446 1045)
4(244 645 1447 1046)
4(245 646 1448 1047)
4(246 647 1449 1048)
4(247 648 1450 1049)
4(248 649 1451 1050)
4(249 650 1452 1051)
4(250 651 1453 1052)
4(251 652 1454 1053)
4(252 653 1455 1054)
4(253 654 1456 1055)
4(254 655 1457 1056)
4(255 656 1458 1057)
4(256 657 1459 1058)
4(257 658 1460 1059)
4(258 659 1461 1060)
4(259 660 1462 1061)
4(260 661 1463 1062)
4(261 662 1464 1063)
4(262 663 1465 1064)
4(263 664 1466 1065)
4(264 665 1467 1066)
4(265 666 1468 1067)
4(266 667 1469 1068)
4(267 668 1470 1069)
4(268 669 1471 1070)
4(269 670 1472 1071)
4(270 671 1473 1072)
4(271 672 1474 1073)
4(272 673 1475 1074)
4(273 674 1476 1075)
4(274 675 1477 1076)
4(275 676 1478 1077)
4(276 677 1479 1078)
4(277 678 1480 1079)
4(278 679 1481 1080)
4(279 680 1482 1081)
4(280 681 1483 1082)
4(281 682 1484 1083)
4(282 683 1485 1084)
4(283 684 1486 1085)
4(284 685 1487 1086)
4(285 686 1488 1087)
4(286 687 1489 1088)
4(287 688 1490 1089)
4(288 689 1491 1090)
4(289 690 1492 1091)
4(290 691 1493 1092)
4(291 692 1494 1093)
4(292 693 1495 1094)
4(293 694 1496 1095)
4(294 695 1497 1096)
4(295 696 1498 1097)
4(296 697 1499 1098)
4(297 698 1500 1099)
4(298 699 1501 1100)
4(299 700 1502 1101)
4(300 701 1503 1102)
4(301 702 1504 1103)
4(302 703 1505 1104)
4(303 704 1506 1105)
4(304 705 1507 1106)
4(305 706 1508 1107)
4(306 707 1509 1108)
4(307 708 1510 1109)
4(308 709 1511 1110)
4(309 710 1512 1111)
4(310 711 1513 1112)
4(311 712 1514 1113)
4(312 713 1515 1114)
4(313 714 1516 1115)
4(314 715 1517 1116)
4(315 716 1518 1117)
4(316 717 1519 1118)
4(317 718 1520 1119)
4(318 719 1521 1120)
4(319 720 1522 1121)
4(320 721 1523 1122)
4(321 722 1524 1123)
4(322 723 1525 1124)
4(323 724 1526 1125)
4(324 725 1527 1126)
4(325 726 1528 1127)
4(326 727 1529 1128)
4(327 728 1530 1129)
4(328 729 1531 1130)
4(329 730 1532 1131)
4(330 731 1533 1132)
4(331 732 1534 1133)
4(332 733 1535 1134)
4(333 734 1536 1135)
4(334 735 1537 1136)
4(335 736 1538 1137)
4(336 737 1539 1138)
4(337 738 1540 1139)
4(338 739 1541 1140)
4(339 740 1542 1141)
4(340 741 1543 1142)
4(341 742 1544 1143)
4(342 743 1545 1144)
4(343 744 1546 1145)
4(344 745 1547 1146)
4(345 746 1548 1147)
4(346 747 1549 1148)
4(347 748 1550 1149)
4(348 749 1551 1150)
4(349 750 1552 1151)
4(350 751 1553 1152)
4(351 752 1554 1153)
4(352 753 1555 1154)
4(353 754 1556 1155)
4(354 755 1557 1156)
4(355 756 1558 1157)
4(356 757 1559 1158)
4(357 758 1560 1159)
4(358 759 1561 1160)
4(359 760 1562 1161)
4(360 761 1563 1162)
4(361 762 1564 1163)
4(362 763 1565 1164)
4(363 764 1566 1165)
4(364 765 1567 1166)
4(365 766 1568 1167)
4(366 767 1569 1168)
4(367 768 1570 1169)
4(368 769 1571 1170)
4(369 770 1572 1171)
4(370 771 1573 1172)
4(371 772 1574 1173)
4(372 773 1575 1174)
4(373 774 1576 1175)
4(374 775 1577 1176)
4(375 776 1578 1177)
4(376 777 1579 1178)
4(377 778 1580 1179)
4(378 779 1581 1180)
4(379 780 1582 1181)
4(380 781 1583 1182)
4(381 782 1584 1183)
4(382 783 1585 1184)
4(383 784 1586 1185)
4(384 785 1587 1186)
4(385 786 1588 1187)
4(386 787 1589 1188)
4(387 788 1590 1189)
4(388 789 1591 1190)
4(389 790 1592 1191)
4(390 791 1593 1192)
4(391 792 1594 1193)
4(392 793 1595 1194)
4(393 794 1596 1195)
4(394 795 1597 1196)
4(395 796 1598 1197)
4(396 797 1599 1198)
4(397 798 1600 1199)
4(398 799 1601 1200)
4(399 800 1602 1201)
4(1605 2042 2916 2479)
4(1606 2043 2917 2480)
4(1607 2044 2918 2481)
4(1608 2045 2919 2482)
4(1609 2046 2920 2483)
4(1610 2047 2921 2484)
4(1611 2048 2922 2485)
4(1612 2049 2923 2486)
4(1613 2050 2924 2487)
4(1614 2051 2925 2488)
4(1615 2052 2926 2489)
4(1616 2053 2927 2490)
4(1617 2054 2928 2491)
4(1618 2055 2929 2492)
4(1619 2056 2930 2493)
4(1620 2057 2931 2494)
4(1621 2058 2932 2495)
4(1622 2059 2933 2496)
4(1623 2060 2934 2497)
4(1624 2061 2935 2498)
4(1625 2062 2936 2499)
4(1626 2063 2937 2500)
4(1627 2064 2938 2501)
4(1628 2065 2939 2502)
4(1629 2066 2940 2503)
4(1630 2067 2941 2504)
4(1631 2068 2942 2505)
4(1632 2069 2943 2506)
4(1633 2070 2944 2507)
4(1634 2071 2945 2508)
4(1635 2072 2946 2509)
4(1636 2073 2947 2510)
4(1637 2074 2948 2511)
4(1638 2075 2949 2512)
4(1639 2076 2950 2513)
4(1640 2077 2951 2514)
4(1641 2078 2952 2515)
4(1642 2079 2953 2516)
4(1643 2080 2954 2517)
4(1644 2081 2955 2518)
4(1645 2082 2956 2519)
4(1646 2083 2957 2520)
4(1647 2084 2958 2521)
4(1648 2085 2959 2522)
4(1649 2086 2960 2523)
4(1650 2087 2961 2524)
4(1651 2088 2962 2525)
4(1652 2089 2963 2526)
4(1653 2090 2964 2527)
4(1654 2091 2965 2528)
4(1655 2092 2966 2529)
4(1656 2093 2967 2530)
4(1657 2094 2968 2531)
4(1658 2095 2969 2532)
4(1659 2096 2970 2533)
4(1660 2097 2971 2534)
4(1661 2098 2972 2535)
4(1662 2099 2973 2536)
4(1663 2100 2974 2537)
4(1664 2101 2975 2538)
4(1665 2102 2976 2539)
4(1666 2103 2977 2540)
4(1667 2104 2978 2541)
4(1668 2105 2979 2542)
4(1669 2106 2980 2543)
4(1670 2107 2981 2544)
4(1671 2108 2982 2545)
4(1672 2109 2983 2546)
4(1673 2110 2984 2547)
4(1674 2111 2985 2548)
4(1675 2112 2986 2549)
4(1676 2113 2987 2550)
4(1677 2114 2988 2551)
4(1678 2115 2989 2552)
4(1679 2116 2990 2553)
4(1680 2117 2991 2554)
4(1681 2118 2992 2555)
4(1682 2119 2993 2556)
4(1683 2120 2994 2557)
4(1684 2121 2995 2558)
4(1685 2122 2996 2559)
4(1686 2123 2997 2560)
4(1687 2124 2998 2561)
4(1688 2125 2999 2562)
4(1689 2126 3000 2563)
4(1690 2127 3001 2564)
4(1691 2128 3002 2565)
4(1692 2129 3003 2566)
4(1693 2130 3004 2567)
4(1694 2131 3005 2568)
4(1695 2132 3006 2569)
4(1696 2133 3007 2570)
4(1697 2134 3008 2571)
4(1698 2135 3009 2572)
4(1699 2136 3010 2573)
4(1700 2137 3011 2574)
4(1701 2138 3012 2575)
4(1702 2139 3013 2576)
4(1703 2140 3014 2577)
4(1704 2141 3015 2578)
4(1705 2142 3016 2579)
4(1706 2143 3017 2580)
4(1707 2144 3018 2581)
4(1708 2145 3019 2582)
4(1709 2146 3020 2583)
4(1710 2147 3021 2584)
4(1711 2148 3022 2585)
4(1712 2149 3023 2586)
4(1713 2150 3024 2587)
4(1714 2151 3025 2588)
4(1715 2152 3026 2589)
4(1716 2153 3027 2590)
4(1717 2154 3028 2591)
4(1718 2155 3029 2592)
4(1719 2156 3030 2593)
4(1720 2157 3031 2594)
4(1721 2158 3032 2595)
4(1722 2159 3033 2596)
4(1723 2160 3034 2597)
4(1724 2161 3035 2598)
4(1725 2162 3036 2599)
4(1726 2163 3037 2600)
4(1727 2164 3038 2601)
4(1728 2165 3039 2602)
4(1729 2166 3040 2603)
4(1730 2167 3041 2604)
4(1731 2168 3042 2605)
4(1732 2169 3043 2606)
4(1733 2170 3044 2607)
4(1734 2171 3045 2608)
4(1735 2172 3046 2609)
4(1736 2173 3047 2610)
4(1737 2174 3048 2611)
4(1738 2175 3049 2612)
4(1739 2176 3050 2613)
4(1740 2177 3051 2614)
4(1741 2178 3052 2615)
4(1742 2179 3053 2616)
4(1743 2180 3054 2617)
4(1744 2181 3055 2618)
4(1745 2182 3056 2619)
4(1746 2183 3057 2620)
4(1747 2184 3058 2621)
4(1748 2185 3059 2622)
4(1749 2186 3060 2623)
4(1750 2187 3061 2624)
4(1751 2188 3062 2625)
4(1752 2189 3063 2626)
4(1753 2190 3064 2627)
4(1754 2191 3065 2628)
4(1755 2192 3066 2629)
4(1756 2193 3067 2630)
4(1757 2194 3068 2631)
4(1758 2195 3069 2632)
4(1759 2196 3070 2633)
4(1760 2197 3071 2634)
4(1761 2198 3072 2635)
4(1762 2199 3073 2636)
4(1763 2200 3074 2637)
4(1764 2201 3075 2638)
4(1765 2202 3076 2639)
4(1766 2203 3077 2640)
4(1767 2204 3078 2641)
4(1768 2205 3079 2642)
4(1769 2206 3080 2643)
4(1770 2207 3081 2644)
4(1771 2208 3082 2645)
4(1772 2209 3083 2646)
4(1773 2210 3084 2647)
4(1774 2211 3085 2648)
4(1775 2212 3086 2649)
4(1776 2213 3087 2650)
4(1777 2214 3088 2651)
4(1778 2215 3089 2652)
4(1779 2216 3090 2653)
4(1780 2217 3091 2654)
4(1781 2218 3092 2655)
4(1782 2219 3093 2656)
4(1783 2220 3094 2657)
4(1784 2221 3095 2658)
4(1785 2222 3096 2659)
4(1786 2223 3097 2660)
4(1787 2224 3098 2661)
4(1788 2225 3099 2662)
4(1789 2226 3100 2663)
4(1790 2227 3101 2664)
4(1791 2228 3102 2665)
4(1792 2229 3103 2666)
4(1793 2230 3104 2667)
4(1794 2231 3105 2668)
4(1795 2232 3106 2669)
4(1796 2233 3107 2670)
4(1797 2234 3108 2671)
4(1798 2235 3109 2672)
4(1799 2236 3110 2673)
4(1800 2237 3111 2674)
4(1801 2238 3112 2675)
4(1802 2239 3113 2676)
4(1803 2240 3114 2677)
4(1804 2241 3115 2678)
4(1805 2242 3116 2679)
4(1806 2243 3117 2680)
4(1807 2244 3118 2681)
4(1808 2245 3119 2682)
4(1809 2246 3120 2683)
4(1810 2247 3121 2684)
4(1811 2248 3122 2685)
4(1812 2249 3123 2686)
4(1813 2250 3124 2687)
4(1814 2251 3125 2688)
4(1815 2252 3126 2689)
4(1816 2253 3127 2690)
4(1817 2254 3128 2691)
4(1818 2255 3129 2692)
4(1819 2256 3130 2693)
4(1820 2257 3131 2694)
4(1821 2258 3132 2695)
4(1822 2259 3133 2696)
4(1823 2260 3134 2697)
4(1824 2261 3135 2698)
4(1825 2262 3136 2699)
4(1826 2263 3137 2700)
4(1827 2264 3138 2701)
4(1828 2265 3139 2702)
4(1829 2266 3140 2703)
4(1830 2267 3141 2704)
4(1831 2268 3142 2705)
4(1832 2269 3143 2706)
4(1833 2270 3144 2707)
4(1834 2271 3145 2708)
4(1835 2272 3146 2709)
4(1836 2273 3147 2710)
4(1837 2274 3148 2711)
4(1838 2275 3149 2712)
4(1839 2276 3150 2713)
4(1840 2277 3151 2714)
4(1841 2278 3152 2715)
4(1842 2279 3153 2716)
4(1843 2280 3154 2717)
4(1844 2281 3155 2718)
4(1845 2282 3156 2719)
4(1846 2283 3157 2720)
4(1847 2284 3158 2721)
4(1848 2285 3159 2722)
4(1849 2286 3160 2723)
4(1850 2287 3161 2724)
4(1851 2288 3162 2725)
4(1852 2289 3163 2726)
4(1853 2290 3164 2727)
4(1854 2291 3165 2728)
4(1855 2292 3166 2729)
4(1856 2293 3167 2730)
4(1857 2294 3168 2731)
4(1858 2295 3169 2732)
4(1859 2296 3170 2733)
4(1860 2297 3171 2734)
4(1861 2298 3172 2735)
4(1862 2299 3173 2736)
4(1863 2300 3174 2737)
4(1864 2301 3175 2738)
4(1865 2302 3176 2739)
4(1866 2303 3177 2740)
4(1867 2304 3178 2741)
4(1868 2305 3179 2742)
4(1869 2306 3180 2743)
4(1870 2307 3181 2744)
4(1871 2308 3182 2745)
4(1872 2309 3183 2746)
4(1873 2310 3184 2747)
4(1874 2311 3185 2748)
4(1875 2312 3186 2749)
4(1876 2313 3187 2750)
4(1877 2314 3188 2751)
4(1878 2315 3189 2752)
4(1879 2316 3190 2753)
4(1880 2317 3191 2754)
4(1881 2318 3192 2755)
4(1882 2319 3193 2756)
4(1883 2320 3194 2757)
4(1884 2321 3195 2758)
4(1885 2322 3196 2759)
4(1886 2323 3197 2760)
4(1887 2324 3198 2761)
4(1888 2325 3199 2762)
4(1889 2326 3200 2763)
4(1890 2327 3201 2764)
4(1891 2328 3202 2765)
4(1892 2329 3203 2766)
4(1893 2330 3204 2767)
4(1894 2331 3205 2768)
4(1895 2332 3206 2769)
4(1896 2333 3207 2770)
4(1897 2334 3208 2771)
4(1898 2335 3209 2772)
4(1899 2336 3210 2773)
4(1900 2337 3211 2774)
4(1901 2338 3212 2775)
4(1902 2339 3213 2776)
4(1903 2340 3214 2777)
4(1904 2341 3215 2778)
4(1905 2342 3216 2779)
4(1906 2343 3217 2780)
4(1907 2344 3218 2781)
4(1908 2345 3219 2782)
4(1909 2346 3220 2783)
4(1910 2347 3221 2784)
4(1911 2348 3222 2785)
4(1912 2349 3223 2786)
4(1913 2350 3224 2787)
4(1914 2351 3225 2788)
4(1915 2352 3226 2789)
4(1916 2353 3227 2790)
4(1917 2354 3228 2791)
4(1918 2355 3229 2792)
4(1919 2356 3230 2793)
4(1920 2357 3231 2794)
4(1921 2358 3232 2795)
4(1922 2359 3233 2796)
4(1923 2360 3234 2797)
4(1924 2361 3235 2798)
4(1925 2362 3236 2799)
4(1926 2363 3237 2800)
4(1927 2364 3238 2801)
4(1928 2365 3239 2802)
4(1929 2366 3240 2803)
4(1930 2367 3241 2804)
4(1931 2368 3242 2805)
4(1932 2369 3243 2806)
4(1933 2370 3244 2807)
4(1934 2371 3245 2808)
4(1935 2372 3246 2809)
4(1936 2373 3247 2810)
4(1937 2374 3248 2811)
4(1938 2375 3249 2812)
4(1939 2376 3250 2813)
4(1940 2377 3251 2814)
4(1941 2378 3252 2815)
4(1942 2379 3253 2816)
4(1943 2380 3254 2817)
4(1944 2381 3255 2818)
4(1945 2382 3256 2819)
4(1946 2383 3257 2820)
4(1947 2384 3258 2821)
4(1948 2385 3259 2822)
4(1949 2386 3260 2823)
4(1950 2387 3261 2824)
4(1951 2388 3262 2825)
4(1952 2389 3263 2826)
4(1953 2390 3264 2827)
4(1954 2391 3265 2828)
4(1955 2392 3266 2829)
4(1956 2393 3267 2830)
4(1957 2394 3268 2831)
4(1958 2395 3269 2832)
4(1959 2396 3270 2833)
4(1960 2397 3271 2834)
4(1961 2398 3272 2835)
4(1962 2399 3273 2836)
4(1963 2400 3274 2837)
4(1964 2401 3275 2838)
4(1965 2402 3276 2839)
4(1966 2403 3277 2840)
4(1967 2404 3278 2841)
4(1968 2405 3279 2842)
4(1969 2406 3280 2843)
4(1970 2407 3281 2844)
4(1971 2408 3282 2845)
4(1972 2409 3283 2846)
4(1973 2410 3284 2847)
4(1974 2411 3285 2848)
4(1975 2412 3286 2849)
4(1976 2413 3287 2850)
4(1977 2414 3288 2851)
4(1978 2415 3289 2852)
4(1979 2416 3290 2853)
4(1980 2417 3291 2854)
4(1981 2418 3292 2855)
4(1982 2419 3293 2856)
4(1983 2420 3294 2857)
4(1984 2421 3295 2858)
4(1985 2422 3296 2859)
4(1986 2423 3297 2860)
4(1987 2424 3298 2861)
4(1988 2425 3299 2862)
4(1989 2426 3300 2863)
4(1990 2427 3301 2864)
4(1991 2428 3302 2865)
4(1992 2429 3303 2866)
4(1993 2430 3304 2867)
4(1994 2431 3305 2868)
4(1995 2432 3306 2869)
4(1996 2433 3307 2870)
4(1997 2434 3308 2871)
4(1998 2435 3309 2872)
4(1999 2436 3310 2873)
4(2000 2437 3311 2874)
4(2001 2438 3312 2875)
4(2002 2439 3313 2876)
4(2003 2440 3314 2877)
4(2004 2441 3315 2878)
4(2005 2442 3316 2879)
4(2006 2443 3317 2880)
4(2007 2444 3318 2881)
4(2008 2445 3319 2882)
4(2009 2446 3320 2883)
4(2010 2447 3321 2884)
4(2011 2448 3322 2885)
4(2012 2449 3323 2886)
4(2013 2450 3324 2887)
4(2014 2451 3325 2888)
4(2015 2452 3326 2889)
4(2016 2453 3327 2890)
4(2017 2454 3328 2891)
4(2018 2455 3329 2892)
4(2019 2456 3330 2893)
4(2020 2457 3331 2894)
4(2021 2458 3332 2895)
4(2022 2459 3333 2896)
4(2023 2460 3334 2897)
4(2024 2461 3335 2898)
4(2025 2462 3336 2899)
4(2026 2463 3337 2900)
4(2027 2464 3338 2901)
4(2028 2465 3339 2902)
4(2029 2466 3340 2903)
4(2030 2467 3341 2904)
4(2031 2468 3342 2905)
4(2032 2469 3343 2906)
4(2033 2470 3344 2907)
4(2034 2471 3345 2908)
4(2035 2472 3346 2909)
4(2036 2473 3347 2910)
4(2037 2474 3348 2911)
4(2038 2475 3349 2912)
4(2039 2476 3350 2913)
4(1604 2478 2915 2041)
4(2040 2477 3351 2914)
4(0 802 1203 401)
4(400 801 1603 1202)
4(401 1203 1204 402)
4(402 1204 1205 403)
4(403 1205 1206 404)
4(404 1206 1207 405)
4(405 1207 1208 406)
4(406 1208 1209 407)
4(407 1209 1210 408)
4(408 1210 1211 409)
4(409 1211 1212 410)
4(410 1212 1213 411)
4(411 1213 1214 412)
4(412 1214 1215 413)
4(413 1215 1216 414)
4(414 1216 1217 415)
4(415 1217 1218 416)
4(416 1218 1219 417)
4(417 1219 1220 418)
4(418 1220 1221 419)
4(419 1221 1222 420)
4(420 1222 1223 421)
4(421 1223 1224 422)
4(422 1224 1225 423)
4(423 1225 1226 424)
4(424 1226 1227 425)
4(425 1227 1228 426)
4(426 1228 1229 427)
4(427 1229 1230 428)
4(428 1230 1231 429)
4(429 1231 1232 430)
4(430 1232 1233 431)
4(431 1233 1234 432)
4(432 1234 1235 433)
4(433 1235 1236 434)
4(434 1236 1237 435)
4(435 1237 1238 436)
4(436 1238 1239 437)
4(437 1239 1240 438)
4(438 1240 1241 439)
4(439 1241 1242 440)
4(440 1242 1243 441)
4(441 1243 1244 442)
4(442 1244 1245 443)
4(443 1245 1246 444)
4(444 1246 1247 445)
4(445 1247 1248 446)
4(446 1248 1249 447)
4(447 1249 1250 448)
4(448 1250 1251 449)
4(449 1251 1252 450)
4(450 1252 1253 451)
4(451 1253 1254 452)
4(452 1254 1255 453)
4(453 1255 1256 454)
4(454 1256 1257 455)
4(455 1257 1258 456)
4(456 1258 1259 457)
4(457 1259 1260 458)
4(458 1260 1261 459)
4(459 1261 1262 460)
4(460 1262 1263 461)
4(461 1263 1264 462)
4(462 1264 1265 463)
4(463 1265 1266 464)
4(464 1266 1267 465)
4(465 1267 1268 466)
4(466 1268 1269 467)
4(467 1269 1270 468)
4(468 1270 1271 469)
4(469 1271 1272 470)
4(470 1272 1273 471)
4(471 1273 1274 472)
4(472 1274 1275 473)
4(473 1275 1276 474)
4(474 1276 1277 475)
4(475 1277 1278 476)
4(476 1278 1279 477)
4(477 1279 1280 478)
4(478 1280 1281 479)
4(479 1281 1282 480)
4(480 1282 1283 481)
4(481 1283 1284 482)
4(482 1284 1285 483)
4(483 1285 1286 484)
4(484 1286 1287 485)
4(485 1287 1288 486)
4(486 1288 1289 487)
4(487 1289 1290 488)
4(488 1290 1291 489)
4(489 1291 1292 490)
4(490 1292 1293 491)
4(491 1293 1294 492)
4(492 1294 1295 493)
4(493 1295 1296 494)
4(494 1296 1297 495)
4(495 1297 1298 496)
4(496 1298 1299 497)
4(497 1299 1300 498)
4(498 1300 1301 499)
4(499 1301 1302 500)
4(500 1302 1303 501)
4(501 1303 1304 502)
4(502 1304 1305 503)
4(503 1305 1306 504)
4(504 1306 1307 505)
4(505 1307 1308 506)
4(506 1308 1309 507)
4(507 1309 1310 508)
4(508 1310 1311 509)
4(509 1311 1312 510)
4(510 1312 1313 511)
4(511 1313 1314 512)
4(512 1314 1315 513)
4(513 1315 1316 514)
4(514 1316 1317 515)
4(515 1317 1318 516)
4(516 1318 1319 517)
4(517 1319 1320 518)
4(518 1320 1321 519)
4(519 1321 1322 520)
4(520 1322 1323 521)
4(521 1323 1324 522)
4(522 1324 1325 523)
4(523 1325 1326 524)
4(524 1326 1327 525)
4(525 1327 1328 526)
4(526 1328 1329 527)
4(527 1329 1330 528)
4(528 1330 1331 529)
4(529 1331 1332 530)
4(530 1332 1333 531)
4(531 1333 1334 532)
4(532 1334 1335 533)
4(533 1335 1336 534)
4(534 1336 1337 535)
4(535 1337 1338 536)
4(536 1338 1339 537)
4(537 1339 1340 538)
4(538 1340 1341 539)
4(539 1341 1342 540)
4(540 1342 1343 541)
4(541 1343 1344 542)
4(542 1344 1345 543)
4(543 1345 1346 544)
4(544 1346 1347 545)
4(545 1347 1348 546)
4(546 1348 1349 547)
4(547 1349 1350 548)
4(548 1350 1351 549)
4(549 1351 1352 550)
4(550 1352 1353 551)
4(551 1353 1354 552)
4(552 1354 1355 553)
4(553 1355 1356 554)
4(554 1356 1357 555)
4(555 1357 1358 556)
4(556 1358 1359 557)
4(557 1359 1360 558)
4(558 1360 1361 559)
4(559 1361 1362 560)
4(560 1362 1363 561)
4(561 1363 1364 562)
4(562 1364 1365 563)
4(563 1365 1366 564)
4(564 1366 1367 565)
4(565 1367 1368 566)
4(566 1368 1369 567)
4(567 1369 1370 568)
4(568 1370 1371 569)
4(569 1371 1372 570)
4(570 1372 1373 571)
4(571 1373 1374 572)
4(572 1374 1375 573)
4(573 1375 1376 574)
4(574 1376 1377 575)
4(575 1377 1378 576)
4(576 1378 1379 577)
4(577 1379 1380 578)
4(578 1380 1381 579)
4(579 1381 1382 580)
4(580 1382 1383 581)
4(581 1383 1384 582)
4(582 1384 1385 583)
4(583 1385 1386 584)
4(584 1386 1387 585)
4(585 1387 1388 586)
4(586 1388 1389 587)
4(587 1389 1390 588)
4(588 1390 1391 589)
4(589 1391 1392 590)
4(590 1392 1393 591)
4(591 1393 1394 592)
4(592 1394 1395 593)
4(593 1395 1396 594)
4(594 1396 1397 595)
4(595 1397 1398 596)
4(596 1398 1399 597)
4(597 1399 1400 598)
4(598 1400 1401 599)
4(599 1401 1402 600)
4(600 1402 1403 601)
4(601 1403 1404 602)
4(602 1404 1405 603)
4(603 1405 1406 604)
4(604 1406 1407 605)
4(605 1407 1408 606)
4(606 1408 1409 607)
4(607 1409 1410 608)
4(608 1410 1411 609)
4(609 1411 1412 610)
4(610 1412 1413 611)
4(611 1413 1414 612)
4(612 1414 1415 613)
4(613 1415 1416 614)
4(614 1416 1417 615)
4(615 1417 1418 616)
4(616 1418 1419 617)
4(617 1419 1420 618)
4(618 1420 1421 619)
4(619 1421 1422 620)
4(620 1422 1423 621)
4(621 1423 1424 622)
4(622 1424 1425 623)
4(623 1425 1426 624)
4(624 1426 1427 625)
4(625 1427 1428 626)
4(626 1428 1429 627)
4(627 1429 1430 628)
4(628 1430 1431 629)
4(629 1431 1432 630)
4(630 1432 1433 631)
4(631 1433 1434 632)
4(632 1434 1435 633)
4(633 1435 1436 634)
4(634 1436 1437 635)
4(635 1437 1438 636)
4(636 1438 1439 637)
4(637 1439 1440 638)
4(638 1440 1441 639)
4(639 1441 1442 640)
4(640 1442 1443 641)
4(641 1443 1444 642)
4(642 1444 1445 643)
4(643 1445 1446 644)
4(644 1446 1447 645)
4(645 1447 1448 646)
4(646 1448 1449 647)
4(647 1449 1450 648)
4(648 1450 1451 649)
4(649 1451 1452 650)
4(650 1452 1453 651)
4(651 1453 1454 652)
4(652 1454 1455 653)
4(653 1455 1456 654)
4(654 1456 1457 655)
4(655 1457 1458 656)
4(656 1458 1459 657)
4(657 1459 1460 658)
4(658 1460 1461 659)
4(659 1461 1462 660)
4(660 1462 1463 661)
4(661 1463 1464 662)
4(662 1464 1465 663)
4(663 1465 1466 664)
4(664 1466 1467 665)
4(665 1467 1468 666)
4(666 1468 1469 667)
4(667 1469 1470 668)
4(668 1470 1471 669)
4(669 1471 1472 670)
4(670 1472 1473 671)
4(671 1473 1474 672)
4(672 1474 1475 673)
4(673 1475 1476 674)
4(674 1476 1477 675)
4(675 1477 1478 676)
4(676 1478 1479 677)
4(677 1479 1480 678)
4(678 1480 1481 679)
4(679 1481 1482 680)
4(680 1482 1483 681)
4(681 1483 1484 682)
4(682 1484 1485 683)
4(683 1485 1486 684)
4(684 1486 1487 685)
4(685 1487 1488 686)
4(686 1488 1489 687)
4(687 1489 1490 688)
4(688 1490 1491 689)
4(689 1491 1492 690)
4(690 1492 1493 691)
4(691 1493 1494 692)
4(692 1494 1495 693)
4(693 1495 1496 694)
4(694 1496 1497 695)
4(695 1497 1498 696)
4(696 1498 1499 697)
4(697 1499 1500 698)
4(698 1500 1501 699)
4(699 1501 1502 700)
4(700 1502 1503 701)
4(701 1503 1504 702)
4(702 1504 1505 703)
4(703 1505 1506 704)
4(704 1506 1507 705)
4(705 1507 1508 706)
4(706 1508 1509 707)
4(707 1509 1510 708)
4(708 1510 1511 709)
4(709 1511 1512 710)
4(710 1512 1513 711)
4(711 1513 1514 712)
4(712 1514 1515 713)
4(713 1515 1516 714)
4(714 1516 1517 715)
4(715 1517 1518 716)
4(716 1518 1519 717)
4(717 1519 1520 718)
4(718 1520 1521 719)
4(719 1521 1522 720)
4(720 1522 1523 721)
4(721 1523 1524 722)
4(722 1524 1525 723)
4(723 1525 1526 724)
4(724 1526 1527 725)
4(725 1527 1528 726)
4(726 1528 1529 727)
4(727 1529 1530 728)
4(728 1530 1531 729)
4(729 1531 1532 730)
4(730 1532 1533 731)
4(731 1533 1534 732)
4(732 1534 1535 733)
4(733 1535 1536 734)
4(734 1536 1537 735)
4(735 1537 1538 736)
4(736 1538 1539 737)
4(737 1539 1540 738)
4(738 1540 1541 739)
4(739 1541 1542 740)
4(740 1542 1543 741)
4(741 1543 1544 742)
4(742 1544 1545 743)
4(743 1545 1546 744)
4(744 1546 1547 745)
4(745 1547 1548 746)
4(746 1548 1549 747)
4(747 1549 1550 748)
4(748 1550 1551 749)
4(749 1551 1552 750)
4(750 1552 1553 751)
4(751 1553 1554 752)
4(752 1554 1555 753)
4(753 1555 1556 754)
4(754 1556 1557 755)
4(755 1557 1558 756)
4(756 1558 1559 757)
4(757 1559 1560 758)
4(758 1560 1561 759)
4(759 1561 1562 760)
4(760 1562 1563 761)
4(761 1563 1564 762)
4(762 1564 1565 763)
4(763 1565 1566 764)
4(764 1566 1567 765)
4(765 1567 1568 766)
4(766 1568 1569 767)
4(767 1569 1570 768)
4(768 1570 1571 769)
4(769 1571 1572 770)
4(770 1572 1573 771)
4(771 1573 1574 772)
4(772 1574 1575 773)
4(773 1575 1576 774)
4(774 1576 1577 775)
4(775 1577 1578 776)
4(776 1578 1579 777)
4(777 1579 1580 778)
4(778 1580 1581 779)
4(779 1581 1582 780)
4(780 1582 1583 781)
4(781 1583 1584 782)
4(782 1584 1585 783)
4(783 1585 1586 784)
4(784 1586 1587 785)
4(785 1587 1588 786)
4(786 1588 1589 787)
4(787 1589 1590 788)
4(788 1590 1591 789)
4(789 1591 1592 790)
4(790 1592 1593 791)
4(791 1593 1594 792)
4(792 1594 1595 793)
4(793 1595 1596 794)
4(794 1596 1597 795)
4(795 1597 1598 796)
4(796 1598 1599 797)
4(797 1599 1600 798)
4(798 1600 1601 799)
4(799 1601 1602 800)
4(800 1602 1603 801)
4(2041 2915 2916 2042)
4(2042 2916 2917 2043)
4(2043 2917 2918 2044)
4(2044 2918 2919 2045)
4(2045 2919 2920 2046)
4(2046 2920 2921 2047)
4(2047 2921 2922 2048)
4(2048 2922 2923 2049)
4(2049 2923 2924 2050)
4(2050 2924 2925 2051)
4(2051 2925 2926 2052)
4(2052 2926 2927 2053)
4(2053 2927 2928 2054)
4(2054 2928 2929 2055)
4(2055 2929 2930 2056)
4(2056 2930 2931 2057)
4(2057 2931 2932 2058)
4(2058 2932 2933 2059)
4(2059 2933 2934 2060)
4(2060 2934 2935 2061)
4(2061 2935 2936 2062)
4(2062 2936 2937 2063)
4(2063 2937 2938 2064)
4(2064 2938 2939 2065)
4(2065 2939 2940 2066)
4(2066 2940 2941 2067)
4(2067 2941 2942 2068)
4(2068 2942 2943 2069)
4(2069 2943 2944 2070)
4(2070 2944 2945 2071)
4(2071 2945 2946 2072)
4(2072 2946 2947 2073)
4(2073 2947 2948 2074)
4(2074 2948 2949 2075)
4(2075 2949 2950 2076)
4(2076 2950 2951 2077)
4(2077 2951 2952 2078)
4(2078 2952 2953 2079)
4(2079 2953 2954 2080)
4(2080 2954 2955 2081)
4(2081 2955 2956 2082)
4(2082 2956 2957 2083)
4(2083 2957 2958 2084)
4(2084 2958 2959 2085)
4(2085 2959 2960 2086)
4(2086 2960 2961 2087)
4(2087 2961 2962 2088)
4(2088 2962 2963 2089)
4(2089 2963 2964 2090)
4(2090 2964 2965 2091)
4(2091 2965 2966 2092)
4(2092 2966 2967 2093)
4(2093 2967 2968 2094)
4(2094 2968 2969 2095)
4(2095 2969 2970 2096)
4(2096 2970 2971 2097)
4(2097 2971 2972 2098)
4(2098 2972 2973 2099)
4(2099 2973 2974 2100)
4(2100 2974 2975 2101)
4(2101 2975 2976 2102)
4(2102 2976 2977 2103)
4(2103 2977 2978 2104)
4(2104 2978 2979 2105)
4(2105 2979 2980 2106)
4(2106 2980 2981 2107)
4(2107 2981 2982 2108)
4(2108 2982 2983 2109)
4(2109 2983 2984 2110)
4(2110 2984 2985 2111)
4(2111 2985 2986 2112)
4(2112 2986 2987 2113)
4(2113 2987 2988 2114)
4(2114 2988 2989 2115)
4(2115 2989 2990 2116)
4(2116 2990 2991 2117)
4(2117 2991 2992 2118)
4(2118 2992 2993 2119)
4(2119 2993 2994 2120)
4(2120 2994 2995 2121)
4(2121 2995 2996 2122)
4(2122 2996 2997 2123)
4(2123 2997 2998 2124)
4(2124 2998 2999 2125)
4(2125 2999 3000 2126)
4(2126 3000 3001 2127)
4(2127 3001 3002 2128)
4(2128 3002 3003 2129)
4(2129 3003 3004 2130)
4(2130 3004 3005 2131)
4(2131 3005 3006 2132)
4(2132 3006 3007 2133)
4(2133 3007 3008 2134)
4(2134 3008 3009 2135)
4(2135 3009 3010 2136)
4(2136 3010 3011 2137)
4(2137 3011 3012 2138)
4(2138 3012 3013 2139)
4(2139 3013 3014 2140)
4(2140 3014 3015 2141)
4(2141 3015 3016 2142)
4(2142 3016 3017 2143)
4(2143 3017 3018 2144)
4(2144 3018 3019 2145)
4(2145 3019 3020 2146)
4(2146 3020 3021 2147)
4(2147 3021 3022 2148)
4(2148 3022 3023 2149)
4(2149 3023 3024 2150)
4(2150 3024 3025 2151)
4(2151 3025 3026 2152)
4(2152 3026 3027 2153)
4(2153 3027 3028 2154)
4(2154 3028 3029 2155)
4(2155 3029 3030 2156)
4(2156 3030 3031 2157)
4(2157 3031 3032 2158)
4(2158 3032 3033 2159)
4(2159 3033 3034 2160)
4(2160 3034 3035 2161)
4(2161 3035 3036 2162)
4(2162 3036 3037 2163)
4(2163 3037 3038 2164)
4(2164 3038 3039 2165)
4(2165 3039 3040 2166)
4(2166 3040 3041 2167)
4(2167 3041 3042 2168)
4(2168 3042 3043 2169)
4(2169 3043 3044 2170)
4(2170 3044 3045 2171)
4(2171 3045 3046 2172)
4(2172 3046 3047 2173)
4(2173 3047 3048 2174)
4(2174 3048 3049 2175)
4(2175 3049 3050 2176)
4(2176 3050 3051 2177)
4(2177 3051 3052 2178)
4(2178 3052 3053 2179)
4(2179 3053 3054 2180)
4(2180 3054 3055 2181)
4(2181 3055 3056 2182)
4(2182 3056 3057 2183)
4(2183 3057 3058 2184)
4(2184 3058 3059 2185)
4(2185 3059 3060 2186)
4(2186 3060 3061 2187)
4(2187 3061 3062 2188)
4(2188 3062 3063 2189)
4(2189 3063 3064 2190)
4(2190 3064 3065 2191)
4(2191 3065 3066 2192)
4(2192 3066 3067 2193)
4(2193 3067 3068 2194)
4(2194 3068 3069 2195)
4(2195 3069 3070 2196)
4(2196 3070 3071 2197)
4(2197 3071 3072 2198)
4(2198 3072 3073 2199)
4(2199 3073 3074 2200)
4(2200 3074 3075 2201)
4(2201 3075 3076 2202)
4(2202 3076 3077 2203)
4(2203 3077 3078 2204)
4(2204 3078 3079 2205)
4(2205 3079 3080 2206)
4(2206 3080 3081 2207)
4(2207 3081 3082 2208)
4(2208 3082 3083 2209)
4(2209 3083 3084 2210)
4(2210 3084 3085 2211)
4(2211 3085 3086 2212)
4(2212 3086 3087 2213)
4(2213 3087 3088 2214)
4(2214 3088 3089 2215)
4(2215 3089 3090 2216)
4(2216 3090 3091 2217)
4(2217 3091 3092 2218)
4(2218 3092 3093 2219)
4(2219 3093 3094 2220)
4(2220 3094 3095 2221)
4(2221 3095 3096 2222)
4(2222 3096 3097 2223)
4(2223 3097 3098 2224)
4(2224 3098 3099 2225)
4(2225 3099 3100 2226)
4(2226 3100 3101 2227)
4(2227 3101 3102 2228)
4(2228 3102 3103 2229)
4(2229 3103 3104 2230)
4(2230 3104 3105 2231)
4(2231 3105 3106 2232)
4(2232 3106 3107 2233)
4(2233 3107 3108 2234)
4(2234 3108 3109 2235)
4(2235 3109 3110 2236)
4(2236 3110 3111 2237)
4(2237 3111 3112 2238)
4(2238 3112 3113 2239)
4(2239 3113 3114 2240)
4(2240 3114 3115 2241)
4(2241 3115 3116 2242)
4(2242 3116 3117 2243)
4(2243 3117 3118 2244)
4(2244 3118 3119 2245)
4(2245 3119 3120 2246)
4(2246 3120 3121 2247)
4(2247 3121 3122 2248)
4(2248 3122 3123 2249)
4(2249 3123 3124 2250)
4(2250 3124 3125 2251)
4(2251 3125 3126 2252)
4(2252 3126 3127 2253)
4(2253 3127 3128 2254)
4(2254 3128 3129 2255)
4(2255 3129 3130 2256)
4(2256 3130 3131 2257)
4(2257 3131 3132 2258)
4(2258 3132 3133 2259)
4(2259 3133 3134 2260)
4(2260 3134 3135 2261)
4(2261 3135 3136 2262)
4(2262 3136 3137 2263)
4(2263 3137 3138 2264)
4(2264 3138 3139 2265)
4(2265 3139 3140 2266)
4(2266 3140 3141 2267)
4(2267 3141 3142 2268)
4(2268 3142 3143 2269)
4(2269 3143 3144 2270)
4(2270 3144 3145 2271)
4(2271 3145 3146 2272)
4(2272 3146 3147 2273)
4(2273 3147 3148 2274)
4(2274 3148 3149 2275)
4(2275 3149 3150 2276)
4(2276 3150 3151 2277)
4(2277 3151 3152 2278)
4(2278 3152 3153 2279)
4(2279 3153 3154 2280)
4(2280 3154 3155 2281)
4(2281 3155 3156 2282)
4(2282 3156 3157 2283)
4(2283 3157 3158 2284)
4(2284 3158 3159 2285)
4(2285 3159 3160 2286)
4(2286 3160 3161 2287)
4(2287 3161 3162 2288)
4(2288 3162 3163 2289)
4(2289 3163 3164 2290)
4(2290 3164 3165 2291)
4(2291 3165 3166 2292)
4(2292 3166 3167 2293)
4(2293 3167 3168 2294)
4(2294 3168 3169 2295)
4(2295 3169 3170 2296)
4(2296 3170 3171 2297)
4(2297 3171 3172 2298)
4(2298 3172 3173 2299)
4(2299 3173 3174 2300)
4(2300 3174 3175 2301)
4(2301 3175 3176 2302)
4(2302 3176 3177 2303)
4(2303 3177 3178 2304)
4(2304 3178 3179 2305)
4(2305 3179 3180 2306)
4(2306 3180 3181 2307)
4(2307 3181 3182 2308)
4(2308 3182 3183 2309)
4(2309 3183 3184 2310)
4(2310 3184 3185 2311)
4(2311 3185 3186 2312)
4(2312 3186 3187 2313)
4(2313 3187 3188 2314)
4(2314 3188 3189 2315)
4(2315 3189 3190 2316)
4(2316 3190 3191 2317)
4(2317 3191 3192 2318)
4(2318 3192 3193 2319)
4(2319 3193 3194 2320)
4(2320 3194 3195 2321)
4(2321 3195 3196 2322)
4(2322 3196 3197 2323)
4(2323 3197 3198 2324)
4(2324 3198 3199 2325)
4(2325 3199 3200 2326)
4(2326 3200 3201 2327)
4(2327 3201 3202 2328)
4(2328 3202 3203 2329)
4(2329 3203 3204 2330)
4(2330 3204 3205 2331)
4(2331 3205 3206 2332)
4(2332 3206 3207 2333)
4(2333 3207 3208 2334)
4(2334 3208 3209 2335)
4(2335 3209 3210 2336)
4(2336 3210 3211 2337)
4(2337 3211 3212 2338)
4(2338 3212 3213 2339)
4(2339 3213 3214 2340)
4(2340 3214 3215 2341)
4(2341 3215 3216 2342)
4(2342 3216 3217 2343)
4(2343 3217 3218 2344)
4(2344 3218 3219 2345)
4(2345 3219 3220 2346)
4(2346 3220 3221 2347)
4(2347 3221 3222 2348)
4(2348 3222 3223 2349)
4(2349 3223 3224 2350)
4(2350 3224 3225 2351)
4(2351 3225 3226 2352)
4(2352 3226 3227 2353)
4(2353 3227 3228 2354)
4(2354 3228 3229 2355)
4(2355 3229 3230 2356)
4(2356 3230 3231 2357)
4(2357 3231 3232 2358)
4(2358 3232 3233 2359)
4(2359 3233 3234 2360)
4(2360 3234 3235 2361)
4(2361 3235 3236 2362)
4(2362 3236 3237 2363)
4(2363 3237 3238 2364)
4(2364 3238 3239 2365)
4(2365 3239 3240 2366)
4(2366 3240 3241 2367)
4(2367 3241 3242 2368)
4(2368 3242 3243 2369)
4(2369 3243 3244 2370)
4(2370 3244 3245 2371)
4(2371 3245 3246 2372)
4(2372 3246 3247 2373)
4(2373 3247 3248 2374)
4(2374 3248 3249 2375)
4(2375 3249 3250 2376)
4(2376 3250 3251 2377)
4(2377 3251 3252 2378)
4(2378 3252 3253 2379)
4(2379 3253 3254 2380)
4(2380 3254 3255 2381)
4(2381 3255 3256 2382)
4(2382 3256 3257 2383)
4(2383 3257 3258 2384)
4(2384 3258 3259 2385)
4(2385 3259 3260 2386)
4(2386 3260 3261 2387)
4(2387 3261 3262 2388)
4(2388 3262 3263 2389)
4(2389 3263 3264 2390)
4(2390 3264 3265 2391)
4(2391 3265 3266 2392)
4(2392 3266 3267 2393)
4(2393 3267 3268 2394)
4(2394 3268 3269 2395)
4(2395 3269 3270 2396)
4(2396 3270 3271 2397)
4(2397 3271 3272 2398)
4(2398 3272 3273 2399)
4(2399 3273 3274 2400)
4(2400 3274 3275 2401)
4(2401 3275 3276 2402)
4(2402 3276 3277 2403)
4(2403 3277 3278 2404)
4(2404 3278 3279 2405)
4(2405 3279 3280 2406)
4(2406 3280 3281 2407)
4(2407 3281 3282 2408)
4(2408 3282 3283 2409)
4(2409 3283 3284 2410)
4(2410 3284 3285 2411)
4(2411 3285 3286 2412)
4(2412 3286 3287 2413)
4(2413 3287 3288 2414)
4(2414 3288 3289 2415)
4(2415 3289 3290 2416)
4(2416 3290 3291 2417)
4(2417 3291 3292 2418)
4(2418 3292 3293 2419)
4(2419 3293 3294 2420)
4(2420 3294 3295 2421)
4(2421 3295 3296 2422)
4(2422 3296 3297 2423)
4(2423 3297 3298 2424)
4(2424 3298 3299 2425)
4(2425 3299 3300 2426)
4(2426 3300 3301 2427)
4(2427 3301 3302 2428)
4(2428 3302 3303 2429)
4(2429 3303 3304 2430)
4(2430 3304 3305 2431)
4(2431 3305 3306 2432)
4(2432 3306 3307 2433)
4(2433 3307 3308 2434)
4(2434 3308 3309 2435)
4(2435 3309 3310 2436)
4(2436 3310 3311 2437)
4(2437 3311 3312 2438)
4(2438 3312 3313 2439)
4(2439 3313 3314 2440)
4(2440 3314 3315 2441)
4(2441 3315 3316 2442)
4(2442 3316 3317 2443)
4(2443 3317 3318 2444)
4(2444 3318 3319 2445)
4(2445 3319 3320 2446)
4(2446 3320 3321 2447)
4(2447 3321 3322 2448)
4(2448 3322 3323 2449)
4(2449 3323 3324 2450)
4(2450 3324 3325 2451)
4(2451 3325 3326 2452)
4(2452 3326 3327 2453)
4(2453 3327 3328 2454)
4(2454 3328 3329 2455)
4(2455 3329 3330 2456)
4(2456 3330 3331 2457)
4(2457 3331 3332 2458)
4(2458 3332 3333 2459)
4(2459 3333 3334 2460)
4(2460 3334 3335 2461)
4(2461 3335 3336 2462)
4(2462 3336 3337 2463)
4(2463 3337 3338 2464)
4(2464 3338 3339 2465)
4(2465 3339 3340 2466)
4(2466 3340 3341 2467)
4(2467 3341 3342 2468)
4(2468 3342 3343 2469)
4(2469 3343 3344 2470)
4(2470 3344 3345 2471)
4(2471 3345 3346 2472)
4(2472 3346 3347 2473)
4(2473 3347 3348 2474)
4(2474 3348 3349 2475)
4(2475 3349 3350 2476)
4(2476 3350 3351 2477)
4(0 1 803 802)
4(1 2 804 803)
4(2 3 805 804)
4(3 4 806 805)
4(4 5 807 806)
4(5 6 808 807)
4(6 7 809 808)
4(7 8 810 809)
4(8 9 811 810)
4(9 10 812 811)
4(10 11 813 812)
4(11 12 814 813)
4(12 13 815 814)
4(13 14 816 815)
4(14 15 817 816)
4(15 16 818 817)
4(16 17 819 818)
4(17 18 820 819)
4(18 19 821 820)
4(19 20 822 821)
4(20 21 823 822)
4(21 22 824 823)
4(22 23 825 824)
4(23 24 826 825)
4(24 25 827 826)
4(25 26 828 827)
4(26 27 829 828)
4(27 28 830 829)
4(28 29 831 830)
4(29 30 832 831)
4(30 31 833 832)
4(31 32 834 833)
4(32 33 835 834)
4(33 34 836 835)
4(34 35 837 836)
4(35 36 838 837)
4(36 37 839 838)
4(37 38 840 839)
4(38 39 841 840)
4(39 40 842 841)
4(40 41 843 842)
4(41 42 844 843)
4(42 43 845 844)
4(43 44 846 845)
4(44 45 847 846)
4(45 46 848 847)
4(46 47 849 848)
4(47 48 850 849)
4(48 49 851 850)
4(49 50 852 851)
4(50 51 853 852)
4(51 52 854 853)
4(52 53 855 854)
4(53 54 856 855)
4(54 55 857 856)
4(55 56 858 857)
4(56 57 859 858)
4(57 58 860 859)
4(58 59 861 860)
4(59 60 862 861)
4(60 61 863 862)
4(61 62 864 863)
4(62 63 865 864)
4(63 64 866 865)
4(64 65 867 866)
4(65 66 868 867)
4(66 67 869 868)
4(67 68 870 869)
4(68 69 871 870)
4(69 70 872 871)
4(70 71 873 872)
4(71 72 874 873)
4(72 73 875 874)
4(73 74 876 875)
4(74 75 877 876)
4(75 76 878 877)
4(76 77 879 878)
4(77 78 880 879)
4(78 79 881 880)
4(79 80 882 881)
4(80 81 883 882)
4(81 82 884 883)
4(82 83 885 884)
4(83 84 886 885)
4(84 85 887 886)
4(85 86 888 887)
4(86 87 889 888)
4(87 88 890 889)
4(88 89 891 890)
4(89 90 892 891)
4(90 91 893 892)
4(91 92 894 893)
4(92 93 895 894)
4(93 94 896 895)
4(94 95 897 896)
4(95 96 898 897)
4(96 97 899 898)
4(97 98 900 899)
4(98 99 901 900)
4(99 100 902 901)
4(100 101 903 902)
4(101 102 904 903)
4(102 103 905 904)
4(103 104 906 905)
4(104 105 907 906)
4(105 106 908 907)
4(106 107 909 908)
4(107 108 910 909)
4(108 109 911 910)
4(109 110 912 911)
4(110 111 913 912)
4(111 112 914 913)
4(112 113 915 914)
4(113 114 916 915)
4(114 115 917 916)
4(115 116 918 917)
4(116 117 919 918)
4(117 118 920 919)
4(118 119 921 920)
4(119 120 922 921)
4(120 121 923 922)
4(121 122 924 923)
4(122 123 925 924)
4(123 124 926 925)
4(124 125 927 926)
4(125 126 928 927)
4(126 127 929 928)
4(127 128 930 929)
4(128 129 931 930)
4(129 130 932 931)
4(130 131 933 932)
4(131 132 934 933)
4(132 133 935 934)
4(133 134 936 935)
4(134 135 937 936)
4(135 136 938 937)
4(136 137 939 938)
4(137 138 940 939)
4(138 139 941 940)
4(139 140 942 941)
4(140 141 943 942)
4(141 142 944 943)
4(142 143 945 944)
4(143 144 946 945)
4(144 145 947 946)
4(145 146 948 947)
4(146 147 949 948)
4(147 148 950 949)
4(148 149 951 950)
4(149 150 952 951)
4(150 151 953 952)
4(151 152 954 953)
4(152 153 955 954)
4(153 154 956 955)
4(154 155 957 956)
4(155 156 958 957)
4(156 157 959 958)
4(157 158 960 959)
4(158 159 961 960)
4(159 160 962 961)
4(160 161 963 962)
4(161 162 964 963)
4(162 163 965 964)
4(163 164 966 965)
4(164 165 967 966)
4(165 166 968 967)
4(166 167 969 968)
4(167 168 970 969)
4(168 169 971 970)
4(169 170 972 971)
4(170 171 973 972)
4(171 172 974 973)
4(172 173 975 974)
4(173 174 976 975)
4(174 175 977 976)
4(175 176 978 977)
4(176 177 979 978)
4(177 178 980 979)
4(178 179 981 980)
4(179 180 982 981)
4(180 181 983 982)
4(181 182 984 983)
4(182 183 985 984)
4(183 184 986 985)
4(184 185 987 986)
4(185 186 988 987)
4(186 187 989 988)
4(187 188 990 989)
4(188 189 991 990)
4(189 190 992 991)
4(190 191 993 992)
4(191 192 994 993)
4(192 193 995 994)
4(193 194 996 995)
4(194 195 997 996)
4(195 196 998 997)
4(196 197 999 998)
4(197 198 1000 999)
4(198 199 1001 1000)
4(199 200 1002 1001)
4(200 201 1003 1002)
4(201 202 1004 1003)
4(202 203 1005 1004)
4(203 204 1006 1005)
4(204 205 1007 1006)
4(205 206 1008 1007)
4(206 207 1009 1008)
4(207 208 1010 1009)
4(208 209 1011 1010)
4(209 210 1012 1011)
4(210 211 1013 1012)
4(211 212 1014 1013)
4(212 213 1015 1014)
4(213 214 1016 1015)
4(214 215 1017 1016)
4(215 216 1018 1017)
4(216 217 1019 1018)
4(217 218 1020 1019)
4(218 219 1021 1020)
4(219 220 1022 1021)
4(220 221 1023 1022)
4(221 222 1024 1023)
4(222 223 1025 1024)
4(223 224 1026 1025)
4(224 225 1027 1026)
4(225 226 1028 1027)
4(226 227 1029 1028)
4(227 228 1030 1029)
4(228 229 1031 1030)
4(229 230 1032 1031)
4(230 231 1033 1032)
4(231 232 1034 1033)
4(232 233 1035 1034)
4(233 234 1036 1035)
4(234 235 1037 1036)
4(235 236 1038 1037)
4(236 237 1039 1038)
4(237 238 1040 1039)
4(238 239 1041 1040)
4(239 240 1042 1041)
4(240 241 1043 1042)
4(241 242 1044 1043)
4(242 243 1045 1044)
4(243 244 1046 1045)
4(244 245 1047 1046)
4(245 246 1048 1047)
4(246 247 1049 1048)
4(247 248 1050 1049)
4(248 249 1051 1050)
4(249 250 1052 1051)
4(250 251 1053 1052)
4(251 252 1054 1053)
4(252 253 1055 1054)
4(253 254 1056 1055)
4(254 255 1057 1056)
4(255 256 1058 1057)
4(256 257 1059 1058)
4(257 258 1060 1059)
4(258 259 1061 1060)
4(259 260 1062 1061)
4(260 261 1063 1062)
4(261 262 1064 1063)
4(262 263 1065 1064)
4(263 264 1066 1065)
4(264 265 1067 1066)
4(265 266 1068 1067)
4(266 267 1069 1068)
4(267 268 1070 1069)
4(268 269 1071 1070)
4(269 270 1072 1071)
4(270 271 1073 1072)
4(271 272 1074 1073)
4(272 273 1075 1074)
4(273 274 1076 1075)
4(274 275 1077 1076)
4(275 276 1078 1077)
4(276 277 1079 1078)
4(277 278 1080 1079)
4(278 279 1081 1080)
4(279 280 1082 1081)
4(280 281 1083 1082)
4(281 282 1084 1083)
4(282 283 1085 1084)
4(283 284 1086 1085)
4(284 285 1087 1086)
4(285 286 1088 1087)
4(286 287 1089 1088)
4(287 288 1090 1089)
4(288 289 1091 1090)
4(289 290 1092 1091)
4(290 291 1093 1092)
4(291 292 1094 1093)
4(292 293 1095 1094)
4(293 294 1096 1095)
4(294 295 1097 1096)
4(295 296 1098 1097)
4(296 297 1099 1098)
4(297 298 1100 1099)
4(298 299 1101 1100)
4(299 300 1102 1101)
4(300 301 1103 1102)
4(301 302 1104 1103)
4(302 303 1105 1104)
4(303 304 1106 1105)
4(304 305 1107 1106)
4(305 306 1108 1107)
4(306 307 1109 1108)
4(307 308 1110 1109)
4(308 309 1111 1110)
4(309 310 1112 1111)
4(310 311 1113 1112)
4(311 312 1114 1113)
4(312 313 1115 1114)
4(313 314 1116 1115)
4(314 315 1117 1116)
4(315 316 1118 1117)
4(316 317 1119 1118)
4(317 318 1120 1119)
4(318 319 1121 1120)
4(319 320 1122 1121)
4(320 321 1123 1122)
4(321 322 1124 1123)
4(322 323 1125 1124)
4(323 324 1126 1125)
4(324 325 1127 1126)
4(325 326 1128 1127)
4(326 327 1129 1128)
4(327 328 1130 1129)
4(328 329 1131 1130)
4(329 330 1132 1131)
4(330 331 1133 1132)
4(331 332 1134 1133)
4(332 333 1135 1134)
4(333 334 1136 1135)
4(334 335 1137 1136)
4(335 336 1138 1137)
4(336 337 1139 1138)
4(337 338 1140 1139)
4(338 339 1141 1140)
4(339 340 1142 1141)
4(340 341 1143 1142)
4(341 342 1144 1143)
4(342 343 1145 1144)
4(343 344 1146 1145)
4(344 345 1147 1146)
4(345 346 1148 1147)
4(346 347 1149 1148)
4(347 348 1150 1149)
4(348 349 1151 1150)
4(349 350 1152 1151)
4(350 351 1153 1152)
4(351 352 1154 1153)
4(352 353 1155 1154)
4(353 354 1156 1155)
4(354 355 1157 1156)
4(355 356 1158 1157)
4(356 357 1159 1158)
4(357 358 1160 1159)
4(358 359 1161 1160)
4(359 360 1162 1161)
4(360 361 1163 1162)
4(361 362 1164 1163)
4(362 363 1165 1164)
4(363 364 1166 1165)
4(364 365 1167 1166)
4(365 366 1168 1167)
4(366 367 1169 1168)
4(367 368 1170 1169)
4(368 369 1171 1170)
4(369 370 1172 1171)
4(370 371 1173 1172)
4(371 372 1174 1173)
4(372 373 1175 1174)
4(373 374 1176 1175)
4(374 375 1177 1176)
4(375 376 1178 1177)
4(376 377 1179 1178)
4(377 378 1180 1179)
4(378 379 1181 1180)
4(379 380 1182 1181)
4(380 381 1183 1182)
4(381 382 1184 1183)
4(382 383 1185 1184)
4(383 384 1186 1185)
4(384 385 1187 1186)
4(385 386 1188 1187)
4(386 387 1189 1188)
4(387 388 1190 1189)
4(388 389 1191 1190)
4(389 390 1192 1191)
4(390 391 1193 1192)
4(391 392 1194 1193)
4(392 393 1195 1194)
4(393 394 1196 1195)
4(394 395 1197 1196)
4(395 396 1198 1197)
4(396 397 1199 1198)
4(397 398 1200 1199)
4(398 399 1201 1200)
4(399 400 1202 1201)
4(1604 1605 2479 2478)
4(1605 1606 2480 2479)
4(1606 1607 2481 2480)
4(1607 1608 2482 2481)
4(1608 1609 2483 2482)
4(1609 1610 2484 2483)
4(1610 1611 2485 2484)
4(1611 1612 2486 2485)
4(1612 1613 2487 2486)
4(1613 1614 2488 2487)
4(1614 1615 2489 2488)
4(1615 1616 2490 2489)
4(1616 1617 2491 2490)
4(1617 1618 2492 2491)
4(1618 1619 2493 2492)
4(1619 1620 2494 2493)
4(1620 1621 2495 2494)
4(1621 1622 2496 2495)
4(1622 1623 2497 2496)
4(1623 1624 2498 2497)
4(1624 1625 2499 2498)
4(1625 1626 2500 2499)
4(1626 1627 2501 2500)
4(1627 1628 2502 2501)
4(1628 1629 2503 2502)
4(1629 1630 2504 2503)
4(1630 1631 2505 2504)
4(1631 1632 2506 2505)
4(1632 1633 2507 2506)
4(1633 1634 2508 2507)
4(1634 1635 2509 2508)
4(1635 1636 2510 2509)
4(1636 1637 2511 2510)
4(1637 1638 2512 2511)
4(1638 1639 2513 2512)
4(1639 1640 2514 2513)
4(1640 1641 2515 2514)
4(1641 1642 2516 2515)
4(1642 1643 2517 2516)
4(1643 1644 2518 2517)
4(1644 1645 2519 2518)
4(1645 1646 2520 2519)
4(1646 1647 2521 2520)
4(1647 1648 2522 2521)
4(1648 1649 2523 2522)
4(1649 1650 2524 2523)
4(1650 1651 2525 2524)
4(1651 1652 2526 2525)
4(1652 1653 2527 2526)
4(1653 1654 2528 2527)
4(1654 1655 2529 2528)
4(1655 1656 2530 2529)
4(1656 1657 2531 2530)
4(1657 1658 2532 2531)
4(1658 1659 2533 2532)
4(1659 1660 2534 2533)
4(1660 1661 2535 2534)
4(1661 1662 2536 2535)
4(1662 1663 2537 2536)
4(1663 1664 2538 2537)
4(1664 1665 2539 2538)
4(1665 1666 2540 2539)
4(1666 1667 2541 2540)
4(1667 1668 2542 2541)
4(1668 1669 2543 2542)
4(1669 1670 2544 2543)
4(1670 1671 2545 2544)
4(1671 1672 2546 2545)
4(1672 1673 2547 2546)
4(1673 1674 2548 2547)
4(1674 1675 2549 2548)
4(1675 1676 2550 2549)
4(1676 1677 2551 2550)
4(1677 1678 2552 2551)
4(1678 1679 2553 2552)
4(1679 1680 2554 2553)
4(1680 1681 2555 2554)
4(1681 1682 2556 2555)
4(1682 1683 2557 2556)
4(1683 1684 2558 2557)
4(1684 1685 2559 2558)
4(1685 1686 2560 2559)
4(1686 1687 2561 2560)
4(1687 1688 2562 2561)
4(1688 1689 2563 2562)
4(1689 1690 2564 2563)
4(1690 1691 2565 2564)
4(1691 1692 2566 2565)
4(1692 1693 2567 2566)
4(1693 1694 2568 2567)
4(1694 1695 2569 2568)
4(1695 1696 2570 2569)
4(1696 1697 2571 2570)
4(1697 1698 2572 2571)
4(1698 1699 2573 2572)
4(1699 1700 2574 2573)
4(1700 1701 2575 2574)
4(1701 1702 2576 2575)
4(1702 1703 2577 2576)
4(1703 1704 2578 2577)
4(1704 1705 2579 2578)
4(1705 1706 2580 2579)
4(1706 1707 2581 2580)
4(1707 1708 2582 2581)
4(1708 1709 2583 2582)
4(1709 1710 2584 2583)
4(1710 1711 2585 2584)
4(1711 1712 2586 2585)
4(1712 1713 2587 2586)
4(1713 1714 2588 2587)
4(1714 1715 2589 2588)
4(1715 1716 2590 2589)
4(1716 1717 2591 2590)
4(1717 1718 2592 2591)
4(1718 1719 2593 2592)
4(1719 1720 2594 2593)
4(1720 1721 2595 2594)
4(1721 1722 2596 2595)
4(1722 1723 2597 2596)
4(1723 1724 2598 2597)
4(1724 1725 2599 2598)
4(1725 1726 2600 2599)
4(1726 1727 2601 2600)
4(1727 1728 2602 2601)
4(1728 1729 2603 2602)
4(1729 1730 2604 2603)
4(1730 1731 2605 2604)
4(1731 1732 2606 2605)
4(1732 1733 2607 2606)
4(1733 1734 2608 2607)
4(1734 1735 2609 2608)
4(1735 1736 2610 2609)
4(1736 1737 2611 2610)
4(1737 1738 2612 2611)
4(1738 1739 2613 2612)
4(1739 1740 2614 2613)
4(1740 1741 2615 2614)
4(1741 1742 2616 2615)
4(1742 1743 2617 2616)
4(1743 1744 2618 2617)
4(1744 1745 2619 2618)
4(1745 1746 2620 2619)
4(1746 1747 2621 2620)
4(1747 1748 2622 2621)
4(1748 1749 2623 2622)
4(1749 1750 2624 2623)
4(1750 1751 2625 2624)
4(1751 1752 2626 2625)
4(1752 1753 2627 2626)
4(1753 1754 2628 2627)
4(1754 1755 2629 2628)
4(1755 1756 2630 2629)
4(1756 1757 2631 2630)
4(1757 1758 2632 2631)
4(1758 1759 2633 2632)
4(1759 1760 2634 2633)
4(1760 1761 2635 2634)
4(1761 1762 2636 2635)
4(1762 1763 2637 2636)
4(1763 1764 2638 2637)
4(1764 1765 2639 2638)
4(1765 1766 2640 2639)
4(1766 1767 2641 2640)
4(1767 1768 2642 2641)
4(1768 1769 2643 2642)
4(1769 1770 2644 2643)
4(1770 1771 2645 2644)
4(1771 1772 2646 2645)
4(1772 1773 2647 2646)
4(1773 1774 2648 2647)
4(1774 1775 2649 2648)
4(1775 1776 2650 2649)
4(1776 1777 2651 2650)
4(1777 1778 2652 2651)
4(1778 1779 2653 2652)
4(1779 1780 2654 2653)
4(1780 1781 2655 2654)
4(1781 1782 2656 2655)
4(1782 1783 2657 2656)
4(1783 1784 2658 2657)
4(1784 1785 2659 2658)
4(1785 1786 2660 2659)
4(1786 1787 2661 2660)
4(1787 1788 2662 2661)
4(1788 1789 2663 2662)
4(1789 1790 2664 2663)
4(1790 1791 2665 2664)
4(1791 1792 2666 2665)
4(1792 1793 2667 2666)
4(1793 1794 2668 2667)
4(1794 1795 2669 2668)
4(1795 1796 2670 2669)
4(1796 1797 2671 2670)
4(1797 1798 2672 2671)
4(1798 1799 2673 2672)
4(1799 1800 2674 2673)
4(1800 1801 2675 2674)
4(1801 1802 2676 2675)
4(1802 1803 2677 2676)
4(1803 1804 2678 2677)
4(1804 1805 2679 2678)
4(1805 1806 2680 2679)
4(1806 1807 2681 2680)
4(1807 1808 2682 2681)
4(1808 1809 2683 2682)
4(1809 1810 2684 2683)
4(1810 1811 2685 2684)
4(1811 1812 2686 2685)
4(1812 1813 2687 2686)
4(1813 1814 2688 2687)
4(1814 1815 2689 2688)
4(1815 1816 2690 2689)
4(1816 1817 2691 2690)
4(1817 1818 2692 2691)
4(1818 1819 2693 2692)
4(1819 1820 2694 2693)
4(1820 1821 2695 2694)
4(1821 1822 2696 2695)
4(1822 1823 2697 2696)
4(1823 1824 2698 2697)
4(1824 1825 2699 2698)
4(1825 1826 2700 2699)
4(1826 1827 2701 2700)
4(1827 1828 2702 2701)
4(1828 1829 2703 2702)
4(1829 1830 2704 2703)
4(1830 1831 2705 2704)
4(1831 1832 2706 2705)
4(1832 1833 2707 2706)
4(1833 1834 2708 2707)
4(1834 1835 2709 2708)
4(1835 1836 2710 2709)
4(1836 1837 2711 2710)
4(1837 1838 2712 2711)
4(1838 1839 2713 2712)
4(1839 1840 2714 2713)
4(1840 1841 2715 2714)
4(1841 1842 2716 2715)
4(1842 1843 2717 2716)
4(1843 1844 2718 2717)
4(1844 1845 2719 2718)
4(1845 1846 2720 2719)
4(1846 1847 2721 2720)
4(1847 1848 2722 2721)
4(1848 1849 2723 2722)
4(1849 1850 2724 2723)
4(1850 1851 2725 2724)
4(1851 1852 2726 2725)
4(1852 1853 2727 2726)
4(1853 1854 2728 2727)
4(1854 1855 2729 2728)
4(1855 1856 2730 2729)
4(1856 1857 2731 2730)
4(1857 1858 2732 2731)
4(1858 1859 2733 2732)
4(1859 1860 2734 2733)
4(1860 1861 2735 2734)
4(1861 1862 2736 2735)
4(1862 1863 2737 2736)
4(1863 1864 2738 2737)
4(1864 1865 2739 2738)
4(1865 1866 2740 2739)
4(1866 1867 2741 2740)
4(1867 1868 2742 2741)
4(1868 1869 2743 2742)
4(1869 1870 2744 2743)
4(1870 1871 2745 2744)
4(1871 1872 2746 2745)
4(1872 1873 2747 2746)
4(1873 1874 2748 2747)
4(1874 1875 2749 2748)
4(1875 1876 2750 2749)
4(1876 1877 2751 2750)
4(1877 1878 2752 2751)
4(1878 1879 2753 2752)
4(1879 1880 2754 2753)
4(1880 1881 2755 2754)
4(1881 1882 2756 2755)
4(1882 1883 2757 2756)
4(1883 1884 2758 2757)
4(1884 1885 2759 2758)
4(1885 1886 2760 2759)
4(1886 1887 2761 2760)
4(1887 1888 2762 2761)
4(1888 1889 2763 2762)
4(1889 1890 2764 2763)
4(1890 1891 2765 2764)
4(1891 1892 2766 2765)
4(1892 1893 2767 2766)
4(1893 1894 2768 2767)
4(1894 1895 2769 2768)
4(1895 1896 2770 2769)
4(1896 1897 2771 2770)
4(1897 1898 2772 2771)
4(1898 1899 2773 2772)
4(1899 1900 2774 2773)
4(1900 1901 2775 2774)
4(1901 1902 2776 2775)
4(1902 1903 2777 2776)
4(1903 1904 2778 2777)
4(1904 1905 2779 2778)
4(1905 1906 2780 2779)
4(1906 1907 2781 2780)
4(1907 1908 2782 2781)
4(1908 1909 2783 2782)
4(1909 1910 2784 2783)
4(1910 1911 2785 2784)
4(1911 1912 2786 2785)
4(1912 1913 2787 2786)
4(1913 1914 2788 2787)
4(1914 1915 2789 2788)
4(1915 1916 2790 2789)
4(1916 1917 2791 2790)
4(1917 1918 2792 2791)
4(1918 1919 2793 2792)
4(1919 1920 2794 2793)
4(1920 1921 2795 2794)
4(1921 1922 2796 2795)
4(1922 1923 2797 2796)
4(1923 1924 2798 2797)
4(1924 1925 2799 2798)
4(1925 1926 2800 2799)
4(1926 1927 2801 2800)
4(1927 1928 2802 2801)
4(1928 1929 2803 2802)
4(1929 1930 2804 2803)
4(1930 1931 2805 2804)
4(1931 1932 2806 2805)
4(1932 1933 2807 2806)
4(1933 1934 2808 2807)
4(1934 1935 2809 2808)
4(1935 1936 2810 2809)
4(1936 1937 2811 2810)
4(1937 1938 2812 2811)
4(1938 1939 2813 2812)
4(1939 1940 2814 2813)
4(1940 1941 2815 2814)
4(1941 1942 2816 2815)
4(1942 1943 2817 2816)
4(1943 1944 2818 2817)
4(1944 1945 2819 2818)
4(1945 1946 2820 2819)
4(1946 1947 2821 2820)
4(1947 1948 2822 2821)
4(1948 1949 2823 2822)
4(1949 1950 2824 2823)
4(1950 1951 2825 2824)
4(1951 1952 2826 2825)
4(1952 1953 2827 2826)
4(1953 1954 2828 2827)
4(1954 1955 2829 2828)
4(1955 1956 2830 2829)
4(1956 1957 2831 2830)
4(1957 1958 2832 2831)
4(1958 1959 2833 2832)
4(1959 1960 2834 2833)
4(1960 1961 2835 2834)
4(1961 1962 2836 2835)
4(1962 1963 2837 2836)
4(1963 1964 2838 2837)
4(1964 1965 2839 2838)
4(1965 1966 2840 2839)
4(1966 1967 2841 2840)
4(1967 1968 2842 2841)
4(1968 1969 2843 2842)
4(1969 1970 2844 2843)
4(1970 1971 2845 2844)
4(1971 1972 2846 2845)
4(1972 1973 2847 2846)
4(1973 1974 2848 2847)
4(1974 1975 2849 2848)
4(1975 1976 2850 2849)
4(1976 1977 2851 2850)
4(1977 1978 2852 2851)
4(1978 1979 2853 2852)
4(1979 1980 2854 2853)
4(1980 1981 2855 2854)
4(1981 1982 2856 2855)
4(1982 1983 2857 2856)
4(1983 1984 2858 2857)
4(1984 1985 2859 2858)
4(1985 1986 2860 2859)
4(1986 1987 2861 2860)
4(1987 1988 2862 2861)
4(1988 1989 2863 2862)
4(1989 1990 2864 2863)
4(1990 1991 2865 2864)
4(1991 1992 2866 2865)
4(1992 1993 2867 2866)
4(1993 1994 2868 2867)
4(1994 1995 2869 2868)
4(1995 1996 2870 2869)
4(1996 1997 2871 2870)
4(1997 1998 2872 2871)
4(1998 1999 2873 2872)
4(1999 2000 2874 2873)
4(2000 2001 2875 2874)
4(2001 2002 2876 2875)
4(2002 2003 2877 2876)
4(2003 2004 2878 2877)
4(2004 2005 2879 2878)
4(2005 2006 2880 2879)
4(2006 2007 2881 2880)
4(2007 2008 2882 2881)
4(2008 2009 2883 2882)
4(2009 2010 2884 2883)
4(2010 2011 2885 2884)
4(2011 2012 2886 2885)
4(2012 2013 2887 2886)
4(2013 2014 2888 2887)
4(2014 2015 2889 2888)
4(2015 2016 2890 2889)
4(2016 2017 2891 2890)
4(2017 2018 2892 2891)
4(2018 2019 2893 2892)
4(2019 2020 2894 2893)
4(2020 2021 2895 2894)
4(2021 2022 2896 2895)
4(2022 2023 2897 2896)
4(2023 2024 2898 2897)
4(2024 2025 2899 2898)
4(2025 2026 2900 2899)
4(2026 2027 2901 2900)
4(2027 2028 2902 2901)
4(2028 2029 2903 2902)
4(2029 2030 2904 2903)
4(2030 2031 2905 2904)
4(2031 2032 2906 2905)
4(2032 2033 2907 2906)
4(2033 2034 2908 2907)
4(2034 2035 2909 2908)
4(2035 2036 2910 2909)
4(2036 2037 2911 2910)
4(2037 2038 2912 2911)
4(2038 2039 2913 2912)
4(2039 2040 2914 2913)
4(0 401 402 1)
4(1 402 403 2)
4(2 403 404 3)
4(3 404 405 4)
4(4 405 406 5)
4(5 406 407 6)
4(6 407 408 7)
4(7 408 409 8)
4(8 409 410 9)
4(9 410 411 10)
4(10 411 412 11)
4(11 412 413 12)
4(12 413 414 13)
4(13 414 415 14)
4(14 415 416 15)
4(15 416 417 16)
4(16 417 418 17)
4(17 418 419 18)
4(18 419 420 19)
4(19 420 421 20)
4(20 421 422 21)
4(21 422 423 22)
4(22 423 424 23)
4(23 424 425 24)
4(24 425 426 25)
4(25 426 427 26)
4(26 427 428 27)
4(27 428 429 28)
4(28 429 430 29)
4(29 430 431 30)
4(30 431 432 31)
4(31 432 433 32)
4(32 433 434 33)
4(33 434 435 34)
4(34 435 436 35)
4(35 436 437 36)
4(36 437 438 37)
4(37 438 439 38)
4(38 439 440 39)
4(39 440 441 40)
4(40 441 442 41)
4(41 442 443 42)
4(42 443 444 43)
4(43 444 445 44)
4(44 445 446 45)
4(45 446 447 46)
4(46 447 448 47)
4(47 448 449 48)
4(48 449 450 49)
4(49 450 451 50)
4(50 451 452 51)
4(51 452 453 52)
4(52 453 454 53)
4(53 454 455 54)
4(54 455 456 55)
4(55 456 457 56)
4(56 457 458 57)
4(57 458 459 58)
4(58 459 460 59)
4(59 460 461 60)
4(60 461 462 61)
4(61 462 463 62)
4(62 463 464 63)
4(63 464 465 64)
4(64 465 466 65)
4(65 466 467 66)
4(66 467 468 67)
4(67 468 469 68)
4(68 469 470 69)
4(69 470 471 70)
4(70 471 472 71)
4(71 472 473 72)
4(72 473 474 73)
4(73 474 475 74)
4(74 475 476 75)
4(75 476 477 76)
4(76 477 478 77)
4(77 478 479 78)
4(78 479 480 79)
4(79 480 481 80)
4(80 481 482 81)
4(81 482 483 82)
4(82 483 484 83)
4(83 484 485 84)
4(84 485 486 85)
4(85 486 487 86)
4(86 487 488 87)
4(87 488 489 88)
4(88 489 490 89)
4(89 490 491 90)
4(90 491 492 91)
4(91 492 493 92)
4(92 493 494 93)
4(93 494 495 94)
4(94 495 496 95)
4(95 496 497 96)
4(96 497 498 97)
4(97 498 499 98)
4(98 499 500 99)
4(99 500 501 100)
4(100 501 502 101)
4(101 502 503 102)
4(102 503 504 103)
4(103 504 505 104)
4(104 505 506 105)
4(105 506 507 106)
4(106 507 508 107)
4(107 508 509 108)
4(108 509 510 109)
4(109 510 511 110)
4(110 511 512 111)
4(111 512 513 112)
4(112 513 514 113)
4(113 514 515 114)
4(114 515 516 115)
4(115 516 517 116)
4(116 517 518 117)
4(117 518 519 118)
4(118 519 520 119)
4(119 520 521 120)
4(120 521 522 121)
4(121 522 523 122)
4(122 523 524 123)
4(123 524 525 124)
4(124 525 526 125)
4(125 526 527 126)
4(126 527 528 127)
4(127 528 529 128)
4(128 529 530 129)
4(129 530 531 130)
4(130 531 532 131)
4(131 532 533 132)
4(132 533 534 133)
4(133 534 535 134)
4(134 535 536 135)
4(135 536 537 136)
4(136 537 538 137)
4(137 538 539 138)
4(138 539 540 139)
4(139 540 541 140)
4(140 541 542 141)
4(141 542 543 142)
4(142 543 544 143)
4(143 544 545 144)
4(144 545 546 145)
4(145 546 547 146)
4(146 547 548 147)
4(147 548 549 148)
4(148 549 550 149)
4(149 550 551 150)
4(150 551 552 151)
4(151 552 553 152)
4(152 553 554 153)
4(153 554 555 154)
4(154 555 556 155)
4(155 556 557 156)
4(156 557 558 157)
4(157 558 559 158)
4(158 559 560 159)
4(159 560 561 160)
4(160 561 562 161)
4(161 562 563 162)
4(162 563 564 163)
4(163 564 565 164)
4(164 565 566 165)
4(165 566 567 166)
4(166 567 568 167)
4(167 568 569 168)
4(168 569 570 169)
4(169 570 571 170)
4(170 571 572 171)
4(171 572 573 172)
4(172 573 574 173)
4(173 574 575 174)
4(174 575 576 175)
4(175 576 577 176)
4(176 577 578 177)
4(177 578 579 178)
4(178 579 580 179)
4(179 580 581 180)
4(180 581 582 181)
4(181 582 583 182)
4(182 583 584 183)
4(183 584 585 184)
4(184 585 586 185)
4(185 586 587 186)
4(186 587 588 187)
4(187 588 589 188)
4(188 589 590 189)
4(189 590 591 190)
4(190 591 592 191)
4(191 592 593 192)
4(192 593 594 193)
4(193 594 595 194)
4(194 595 596 195)
4(195 596 597 196)
4(196 597 598 197)
4(197 598 599 198)
4(198 599 600 199)
4(199 600 601 200)
4(200 601 602 201)
4(201 602 603 202)
4(202 603 604 203)
4(203 604 605 204)
4(204 605 606 205)
4(205 606 607 206)
4(206 607 608 207)
4(207 608 609 208)
4(208 609 610 209)
4(209 610 611 210)
4(210 611 612 211)
4(211 612 613 212)
4(212 613 614 213)
4(213 614 615 214)
4(214 615 616 215)
4(215 616 617 216)
4(216 617 618 217)
4(217 618 619 218)
4(218 619 620 219)
4(219 620 621 220)
4(220 621 622 221)
4(221 622 623 222)
4(222 623 624 223)
4(223 624 625 224)
4(224 625 626 225)
4(225 626 627 226)
4(226 627 628 227)
4(227 628 629 228)
4(228 629 630 229)
4(229 630 631 230)
4(230 631 632 231)
4(231 632 633 232)
4(232 633 634 233)
4(233 634 635 234)
4(234 635 636 235)
4(235 636 637 236)
4(236 637 638 237)
4(237 638 639 238)
4(238 639 640 239)
4(239 640 641 240)
4(240 641 642 241)
4(241 642 643 242)
4(242 643 644 243)
4(243 644 645 244)
4(244 645 646 245)
4(245 646 647 246)
4(246 647 648 247)
4(247 648 649 248)
4(248 649 650 249)
4(249 650 651 250)
4(250 651 652 251)
4(251 652 653 252)
4(252 653 654 253)
4(253 654 655 254)
4(254 655 656 255)
4(255 656 657 256)
4(256 657 658 257)
4(257 658 659 258)
4(258 659 660 259)
4(259 660 661 260)
4(260 661 662 261)
4(261 662 663 262)
4(262 663 664 263)
4(263 664 665 264)
4(264 665 666 265)
4(265 666 667 266)
4(266 667 668 267)
4(267 668 669 268)
4(268 669 670 269)
4(269 670 671 270)
4(270 671 672 271)
4(271 672 673 272)
4(272 673 674 273)
4(273 674 675 274)
4(274 675 676 275)
4(275 676 677 276)
4(276 677 678 277)
4(277 678 679 278)
4(278 679 680 279)
4(279 680 681 280)
4(280 681 682 281)
4(281 682 683 282)
4(282 683 684 283)
4(283 684 685 284)
4(284 685 686 285)
4(285 686 687 286)
4(286 687 688 287)
4(287 688 689 288)
4(288 689 690 289)
4(289 690 691 290)
4(290 691 692 291)
4(291 692 693 292)
4(292 693 694 293)
4(293 694 695 294)
4(294 695 696 295)
4(295 696 697 296)
4(296 697 698 297)
4(297 698 699 298)
4(298 699 700 299)
4(299 700 701 300)
4(300 701 702 301)
4(301 702 703 302)
4(302 703 704 303)
4(303 704 705 304)
4(304 705 706 305)
4(305 706 707 306)
4(306 707 708 307)
4(307 708 709 308)
4(308 709 710 309)
4(309 710 711 310)
4(310 711 712 311)
4(311 712 713 312)
4(312 713 714 313)
4(313 714 715 314)
4(314 715 716 315)
4(315 716 717 316)
4(316 717 718 317)
4(317 718 719 318)
4(318 719 720 319)
4(319 720 721 320)
4(320 721 722 321)
4(321 722 723 322)
4(322 723 724 323)
4(323 724 725 324)
4(324 725 726 325)
4(325 726 727 326)
4(326 727 728 327)
4(327 728 729 328)
4(328 729 730 329)
4(329 730 731 330)
4(330 731 732 331)
4(331 732 733 332)
4(332 733 734 333)
4(333 734 735 334)
4(334 735 736 335)
4(335 736 737 336)
4(336 737 738 337)
4(337 738 739 338)
4(338 739 740 339)
4(339 740 741 340)
4(340 741 742 341)
4(341 742 743 342)
4(342 743 744 343)
4(343 744 745 344)
4(344 745 746 345)
4(345 746 747 346)
4(346 747 748 347)
4(347 748 749 348)
4(348 749 750 349)
4(349 750 751 350)
4(350 751 752 351)
4(351 752 753 352)
4(352 753 754 353)
4(353 754 755 354)
4(354 755 756 355)
4(355 756 757 356)
4(356 757 758 357)
4(357 758 759 358)
4(358 759 760 359)
4(359 760 761 360)
4(360 761 762 361)
4(361 762 763 362)
4(362 763 764 363)
4(363 764 765 364)
4(364 765 766 365)
4(365 766 767 366)
4(366 767 768 367)
4(367 768 769 368)
4(368 769 770 369)
4(369 770 771 370)
4(370 771 772 371)
4(371 772 773 372)
4(372 773 774 373)
4(373 774 775 374)
4(374 775 776 375)
4(375 776 777 376)
4(376 777 778 377)
4(377 778 779 378)
4(378 779 780 379)
4(379 780 781 380)
4(380 781 782 381)
4(381 782 783 382)
4(382 783 784 383)
4(383 784 785 384)
4(384 785 786 385)
4(385 786 787 386)
4(386 787 788 387)
4(387 788 789 388)
4(388 789 790 389)
4(389 790 791 390)
4(390 791 792 391)
4(391 792 793 392)
4(392 793 794 393)
4(393 794 795 394)
4(394 795 796 395)
4(395 796 797 396)
4(396 797 798 397)
4(397 798 799 398)
4(398 799 800 399)
4(399 800 801 400)
4(1604 2041 2042 1605)
4(1605 2042 2043 1606)
4(1606 2043 2044 1607)
4(1607 2044 2045 1608)
4(1608 2045 2046 1609)
4(1609 2046 2047 1610)
4(1610 2047 2048 1611)
4(1611 2048 2049 1612)
4(1612 2049 2050 1613)
4(1613 2050 2051 1614)
4(1614 2051 2052 1615)
4(1615 2052 2053 1616)
4(1616 2053 2054 1617)
4(1617 2054 2055 1618)
4(1618 2055 2056 1619)
4(1619 2056 2057 1620)
4(1620 2057 2058 1621)
4(1621 2058 2059 1622)
4(1622 2059 2060 1623)
4(1623 2060 2061 1624)
4(1624 2061 2062 1625)
4(1625 2062 2063 1626)
4(1626 2063 2064 1627)
4(1627 2064 2065 1628)
4(1628 2065 2066 1629)
4(1629 2066 2067 1630)
4(1630 2067 2068 1631)
4(1631 2068 2069 1632)
4(1632 2069 2070 1633)
4(1633 2070 2071 1634)
4(1634 2071 2072 1635)
4(1635 2072 2073 1636)
4(1636 2073 2074 1637)
4(1637 2074 2075 1638)
4(1638 2075 2076 1639)
4(1639 2076 2077 1640)
4(1640 2077 2078 1641)
4(1641 2078 2079 1642)
4(1642 2079 2080 1643)
4(1643 2080 2081 1644)
4(1644 2081 2082 1645)
4(1645 2082 2083 1646)
4(1646 2083 2084 1647)
4(1647 2084 2085 1648)
4(1648 2085 2086 1649)
4(1649 2086 2087 1650)
4(1650 2087 2088 1651)
4(1651 2088 2089 1652)
4(1652 2089 2090 1653)
4(1653 2090 2091 1654)
4(1654 2091 2092 1655)
4(1655 2092 2093 1656)
4(1656 2093 2094 1657)
4(1657 2094 2095 1658)
4(1658 2095 2096 1659)
4(1659 2096 2097 1660)
4(1660 2097 2098 1661)
4(1661 2098 2099 1662)
4(1662 2099 2100 1663)
4(1663 2100 2101 1664)
4(1664 2101 2102 1665)
4(1665 2102 2103 1666)
4(1666 2103 2104 1667)
4(1667 2104 2105 1668)
4(1668 2105 2106 1669)
4(1669 2106 2107 1670)
4(1670 2107 2108 1671)
4(1671 2108 2109 1672)
4(1672 2109 2110 1673)
4(1673 2110 2111 1674)
4(1674 2111 2112 1675)
4(1675 2112 2113 1676)
4(1676 2113 2114 1677)
4(1677 2114 2115 1678)
4(1678 2115 2116 1679)
4(1679 2116 2117 1680)
4(1680 2117 2118 1681)
4(1681 2118 2119 1682)
4(1682 2119 2120 1683)
4(1683 2120 2121 1684)
4(1684 2121 2122 1685)
4(1685 2122 2123 1686)
4(1686 2123 2124 1687)
4(1687 2124 2125 1688)
4(1688 2125 2126 1689)
4(1689 2126 2127 1690)
4(1690 2127 2128 1691)
4(1691 2128 2129 1692)
4(1692 2129 2130 1693)
4(1693 2130 2131 1694)
4(1694 2131 2132 1695)
4(1695 2132 2133 1696)
4(1696 2133 2134 1697)
4(1697 2134 2135 1698)
4(1698 2135 2136 1699)
4(1699 2136 2137 1700)
4(1700 2137 2138 1701)
4(1701 2138 2139 1702)
4(1702 2139 2140 1703)
4(1703 2140 2141 1704)
4(1704 2141 2142 1705)
4(1705 2142 2143 1706)
4(1706 2143 2144 1707)
4(1707 2144 2145 1708)
4(1708 2145 2146 1709)
4(1709 2146 2147 1710)
4(1710 2147 2148 1711)
4(1711 2148 2149 1712)
4(1712 2149 2150 1713)
4(1713 2150 2151 1714)
4(1714 2151 2152 1715)
4(1715 2152 2153 1716)
4(1716 2153 2154 1717)
4(1717 2154 2155 1718)
4(1718 2155 2156 1719)
4(1719 2156 2157 1720)
4(1720 2157 2158 1721)
4(1721 2158 2159 1722)
4(1722 2159 2160 1723)
4(1723 2160 2161 1724)
4(1724 2161 2162 1725)
4(1725 2162 2163 1726)
4(1726 2163 2164 1727)
4(1727 2164 2165 1728)
4(1728 2165 2166 1729)
4(1729 2166 2167 1730)
4(1730 2167 2168 1731)
4(1731 2168 2169 1732)
4(1732 2169 2170 1733)
4(1733 2170 2171 1734)
4(1734 2171 2172 1735)
4(1735 2172 2173 1736)
4(1736 2173 2174 1737)
4(1737 2174 2175 1738)
4(1738 2175 2176 1739)
4(1739 2176 2177 1740)
4(1740 2177 2178 1741)
4(1741 2178 2179 1742)
4(1742 2179 2180 1743)
4(1743 2180 2181 1744)
4(1744 2181 2182 1745)
4(1745 2182 2183 1746)
4(1746 2183 2184 1747)
4(1747 2184 2185 1748)
4(1748 2185 2186 1749)
4(1749 2186 2187 1750)
4(1750 2187 2188 1751)
4(1751 2188 2189 1752)
4(1752 2189 2190 1753)
4(1753 2190 2191 1754)
4(1754 2191 2192 1755)
4(1755 2192 2193 1756)
4(1756 2193 2194 1757)
4(1757 2194 2195 1758)
4(1758 2195 2196 1759)
4(1759 2196 2197 1760)
4(1760 2197 2198 1761)
4(1761 2198 2199 1762)
4(1762 2199 2200 1763)
4(1763 2200 2201 1764)
4(1764 2201 2202 1765)
4(1765 2202 2203 1766)
4(1766 2203 2204 1767)
4(1767 2204 2205 1768)
4(1768 2205 2206 1769)
4(1769 2206 2207 1770)
4(1770 2207 2208 1771)
4(1771 2208 2209 1772)
4(1772 2209 2210 1773)
4(1773 2210 2211 1774)
4(1774 2211 2212 1775)
4(1775 2212 2213 1776)
4(1776 2213 2214 1777)
4(1777 2214 2215 1778)
4(1778 2215 2216 1779)
4(1779 2216 2217 1780)
4(1780 2217 2218 1781)
4(1781 2218 2219 1782)
4(1782 2219 2220 1783)
4(1783 2220 2221 1784)
4(1784 2221 2222 1785)
4(1785 2222 2223 1786)
4(1786 2223 2224 1787)
4(1787 2224 2225 1788)
4(1788 2225 2226 1789)
4(1789 2226 2227 1790)
4(1790 2227 2228 1791)
4(1791 2228 2229 1792)
4(1792 2229 2230 1793)
4(1793 2230 2231 1794)
4(1794 2231 2232 1795)
4(1795 2232 2233 1796)
4(1796 2233 2234 1797)
4(1797 2234 2235 1798)
4(1798 2235 2236 1799)
4(1799 2236 2237 1800)
4(1800 2237 2238 1801)
4(1801 2238 2239 1802)
4(1802 2239 2240 1803)
4(1803 2240 2241 1804)
4(1804 2241 2242 1805)
4(1805 2242 2243 1806)
4(1806 2243 2244 1807)
4(1807 2244 2245 1808)
4(1808 2245 2246 1809)
4(1809 2246 2247 1810)
4(1810 2247 2248 1811)
4(1811 2248 2249 1812)
4(1812 2249 2250 1813)
4(1813 2250 2251 1814)
4(1814 2251 2252 1815)
4(1815 2252 2253 1816)
4(1816 2253 2254 1817)
4(1817 2254 2255 1818)
4(1818 2255 2256 1819)
4(1819 2256 2257 1820)
4(1820 2257 2258 1821)
4(1821 2258 2259 1822)
4(1822 2259 2260 1823)
4(1823 2260 2261 1824)
4(1824 2261 2262 1825)
4(1825 2262 2263 1826)
4(1826 2263 2264 1827)
4(1827 2264 2265 1828)
4(1828 2265 2266 1829)
4(1829 2266 2267 1830)
4(1830 2267 2268 1831)
4(1831 2268 2269 1832)
4(1832 2269 2270 1833)
4(1833 2270 2271 1834)
4(1834 2271 2272 1835)
4(1835 2272 2273 1836)
4(1836 2273 2274 1837)
4(1837 2274 2275 1838)
4(1838 2275 2276 1839)
4(1839 2276 2277 1840)
4(1840 2277 2278 1841)
4(1841 2278 2279 1842)
4(1842 2279 2280 1843)
4(1843 2280 2281 1844)
4(1844 2281 2282 1845)
4(1845 2282 2283 1846)
4(1846 2283 2284 1847)
4(1847 2284 2285 1848)
4(1848 2285 2286 1849)
4(1849 2286 2287 1850)
4(1850 2287 2288 1851)
4(1851 2288 2289 1852)
4(1852 2289 2290 1853)
4(1853 2290 2291 1854)
4(1854 2291 2292 1855)
4(1855 2292 2293 1856)
4(1856 2293 2294 1857)
4(1857 2294 2295 1858)
4(1858 2295 2296 1859)
4(1859 2296 2297 1860)
4(1860 2297 2298 1861)
4(1861 2298 2299 1862)
4(1862 2299 2300 1863)
4(1863 2300 2301 1864)
4(1864 2301 2302 1865)
4(1865 2302 2303 1866)
4(1866 2303 2304 1867)
4(1867 2304 2305 1868)
4(1868 2305 2306 1869)
4(1869 2306 2307 1870)
4(1870 2307 2308 1871)
4(1871 2308 2309 1872)
4(1872 2309 2310 1873)
4(1873 2310 2311 1874)
4(1874 2311 2312 1875)
4(1875 2312 2313 1876)
4(1876 2313 2314 1877)
4(1877 2314 2315 1878)
4(1878 2315 2316 1879)
4(1879 2316 2317 1880)
4(1880 2317 2318 1881)
4(1881 2318 2319 1882)
4(1882 2319 2320 1883)
4(1883 2320 2321 1884)
4(1884 2321 2322 1885)
4(1885 2322 2323 1886)
4(1886 2323 2324 1887)
4(1887 2324 2325 1888)
4(1888 2325 2326 1889)
4(1889 2326 2327 1890)
4(1890 2327 2328 1891)
4(1891 2328 2329 1892)
4(1892 2329 2330 1893)
4(1893 2330 2331 1894)
4(1894 2331 2332 1895)
4(1895 2332 2333 1896)
4(1896 2333 2334 1897)
4(1897 2334 2335 1898)
4(1898 2335 2336 1899)
4(1899 2336 2337 1900)
4(1900 2337 2338 1901)
4(1901 2338 2339 1902)
4(1902 2339 2340 1903)
4(1903 2340 2341 1904)
4(1904 2341 2342 1905)
4(1905 2342 2343 1906)
4(1906 2343 2344 1907)
4(1907 2344 2345 1908)
4(1908 2345 2346 1909)
4(1909 2346 2347 1910)
4(1910 2347 2348 1911)
4(1911 2348 2349 1912)
4(1912 2349 2350 1913)
4(1913 2350 2351 1914)
4(1914 2351 2352 1915)
4(1915 2352 2353 1916)
4(1916 2353 2354 1917)
4(1917 2354 2355 1918)
4(1918 2355 2356 1919)
4(1919 2356 2357 1920)
4(1920 2357 2358 1921)
4(1921 2358 2359 1922)
4(1922 2359 2360 1923)
4(1923 2360 2361 1924)
4(1924 2361 2362 1925)
4(1925 2362 2363 1926)
4(1926 2363 2364 1927)
4(1927 2364 2365 1928)
4(1928 2365 2366 1929)
4(1929 2366 2367 1930)
4(1930 2367 2368 1931)
4(1931 2368 2369 1932)
4(1932 2369 2370 1933)
4(1933 2370 2371 1934)
4(1934 2371 2372 1935)
4(1935 2372 2373 1936)
4(1936 2373 2374 1937)
4(1937 2374 2375 1938)
4(1938 2375 2376 1939)
4(1939 2376 2377 1940)
4(1940 2377 2378 1941)
4(1941 2378 2379 1942)
4(1942 2379 2380 1943)
4(1943 2380 2381 1944)
4(1944 2381 2382 1945)
4(1945 2382 2383 1946)
4(1946 2383 2384 1947)
4(1947 2384 2385 1948)
4(1948 2385 2386 1949)
4(1949 2386 2387 1950)
4(1950 2387 2388 1951)
4(1951 2388 2389 1952)
4(1952 2389 2390 1953)
4(1953 2390 2391 1954)
4(1954 2391 2392 1955)
4(1955 2392 2393 1956)
4(1956 2393 2394 1957)
4(1957 2394 2395 1958)
4(1958 2395 2396 1959)
4(1959 2396 2397 1960)
4(1960 2397 2398 1961)
4(1961 2398 2399 1962)
4(1962 2399 2400 1963)
4(1963 2400 2401 1964)
4(1964 2401 2402 1965)
4(1965 2402 2403 1966)
4(1966 2403 2404 1967)
4(1967 2404 2405 1968)
4(1968 2405 2406 1969)
4(1969 2406 2407 1970)
4(1970 2407 2408 1971)
4(1971 2408 2409 1972)
4(1972 2409 2410 1973)
4(1973 2410 2411 1974)
4(1974 2411 2412 1975)
4(1975 2412 2413 1976)
4(1976 2413 2414 1977)
4(1977 2414 2415 1978)
4(1978 2415 2416 1979)
4(1979 2416 2417 1980)
4(1980 2417 2418 1981)
4(1981 2418 2419 1982)
4(1982 2419 2420 1983)
4(1983 2420 2421 1984)
4(1984 2421 2422 1985)
4(1985 2422 2423 1986)
4(1986 2423 2424 1987)
4(1987 2424 2425 1988)
4(1988 2425 2426 1989)
4(1989 2426 2427 1990)
4(1990 2427 2428 1991)
4(1991 2428 2429 1992)
4(1992 2429 2430 1993)
4(1993 2430 2431 1994)
4(1994 2431 2432 1995)
4(1995 2432 2433 1996)
4(1996 2433 2434 1997)
4(1997 2434 2435 1998)
4(1998 2435 2436 1999)
4(1999 2436 2437 2000)
4(2000 2437 2438 2001)
4(2001 2438 2439 2002)
4(2002 2439 2440 2003)
4(2003 2440 2441 2004)
4(2004 2441 2442 2005)
4(2005 2442 2443 2006)
4(2006 2443 2444 2007)
4(2007 2444 2445 2008)
4(2008 2445 2446 2009)
4(2009 2446 2447 2010)
4(2010 2447 2448 2011)
4(2011 2448 2449 2012)
4(2012 2449 2450 2013)
4(2013 2450 2451 2014)
4(2014 2451 2452 2015)
4(2015 2452 2453 2016)
4(2016 2453 2454 2017)
4(2017 2454 2455 2018)
4(2018 2455 2456 2019)
4(2019 2456 2457 2020)
4(2020 2457 2458 2021)
4(2021 2458 2459 2022)
4(2022 2459 2460 2023)
4(2023 2460 2461 2024)
4(2024 2461 2462 2025)
4(2025 2462 2463 2026)
4(2026 2463 2464 2027)
4(2027 2464 2465 2028)
4(2028 2465 2466 2029)
4(2029 2466 2467 2030)
4(2030 2467 2468 2031)
4(2031 2468 2469 2032)
4(2032 2469 2470 2033)
4(2033 2470 2471 2034)
4(2034 2471 2472 2035)
4(2035 2472 2473 2036)
4(2036 2473 2474 2037)
4(2037 2474 2475 2038)
4(2038 2475 2476 2039)
4(2039 2476 2477 2040)
4(802 803 1204 1203)
4(803 804 1205 1204)
4(804 805 1206 1205)
4(805 806 1207 1206)
4(806 807 1208 1207)
4(807 808 1209 1208)
4(808 809 1210 1209)
4(809 810 1211 1210)
4(810 811 1212 1211)
4(811 812 1213 1212)
4(812 813 1214 1213)
4(813 814 1215 1214)
4(814 815 1216 1215)
4(815 816 1217 1216)
4(816 817 1218 1217)
4(817 818 1219 1218)
4(818 819 1220 1219)
4(819 820 1221 1220)
4(820 821 1222 1221)
4(821 822 1223 1222)
4(822 823 1224 1223)
4(823 824 1225 1224)
4(824 825 1226 1225)
4(825 826 1227 1226)
4(826 827 1228 1227)
4(827 828 1229 1228)
4(828 829 1230 1229)
4(829 830 1231 1230)
4(830 831 1232 1231)
4(831 832 1233 1232)
4(832 833 1234 1233)
4(833 834 1235 1234)
4(834 835 1236 1235)
4(835 836 1237 1236)
4(836 837 1238 1237)
4(837 838 1239 1238)
4(838 839 1240 1239)
4(839 840 1241 1240)
4(840 841 1242 1241)
4(841 842 1243 1242)
4(842 843 1244 1243)
4(843 844 1245 1244)
4(844 845 1246 1245)
4(845 846 1247 1246)
4(846 847 1248 1247)
4(847 848 1249 1248)
4(848 849 1250 1249)
4(849 850 1251 1250)
4(850 851 1252 1251)
4(851 852 1253 1252)
4(852 853 1254 1253)
4(853 854 1255 1254)
4(854 855 1256 1255)
4(855 856 1257 1256)
4(856 857 1258 1257)
4(857 858 1259 1258)
4(858 859 1260 1259)
4(859 860 1261 1260)
4(860 861 1262 1261)
4(861 862 1263 1262)
4(862 863 1264 1263)
4(863 864 1265 1264)
4(864 865 1266 1265)
4(865 866 1267 1266)
4(866 867 1268 1267)
4(867 868 1269 1268)
4(868 869 1270 1269)
4(869 870 1271 1270)
4(870 871 1272 1271)
4(871 872 1273 1272)
4(872 873 1274 1273)
4(873 874 1275 1274)
4(874 875 1276 1275)
4(875 876 1277 1276)
4(876 877 1278 1277)
4(877 878 1279 1278)
4(878 879 1280 1279)
4(879 880 1281 1280)
4(880 881 1282 1281)
4(881 882 1283 1282)
4(882 883 1284 1283)
4(883 884 1285 1284)
4(884 885 1286 1285)
4(885 886 1287 1286)
4(886 887 1288 1287)
4(887 888 1289 1288)
4(888 889 1290 1289)
4(889 890 1291 1290)
4(890 891 1292 1291)
4(891 892 1293 1292)
4(892 893 1294 1293)
4(893 894 1295 1294)
4(894 895 1296 1295)
4(895 896 1297 1296)
4(896 897 1298 1297)
4(897 898 1299 1298)
4(898 899 1300 1299)
4(899 900 1301 1300)
4(900 901 1302 1301)
4(901 902 1303 1302)
4(902 903 1304 1303)
4(903 904 1305 1304)
4(904 905 1306 1305)
4(905 906 1307 1306)
4(906 907 1308 1307)
4(907 908 1309 1308)
4(908 909 1310 1309)
4(909 910 1311 1310)
4(910 911 1312 1311)
4(911 912 1313 1312)
4(912 913 1314 1313)
4(913 914 1315 1314)
4(914 915 1316 1315)
4(915 916 1317 1316)
4(916 917 1318 1317)
4(917 918 1319 1318)
4(918 919 1320 1319)
4(919 920 1321 1320)
4(920 921 1322 1321)
4(921 922 1323 1322)
4(922 923 1324 1323)
4(923 924 1325 1324)
4(924 925 1326 1325)
4(925 926 1327 1326)
4(926 927 1328 1327)
4(927 928 1329 1328)
4(928 929 1330 1329)
4(929 930 1331 1330)
4(930 931 1332 1331)
4(931 932 1333 1332)
4(932 933 1334 1333)
4(933 934 1335 1334)
4(934 935 1336 1335)
4(935 936 1337 1336)
4(936 937 1338 1337)
4(937 938 1339 1338)
4(938 939 1340 1339)
4(939 940 1341 1340)
4(940 941 1342 1341)
4(941 942 1343 1342)
4(942 943 1344 1343)
4(943 944 1345 1344)
4(944 945 1346 1345)
4(945 946 1347 1346)
4(946 947 1348 1347)
4(947 948 1349 1348)
4(948 949 1350 1349)
4(949 950 1351 1350)
4(950 951 1352 1351)
4(951 952 1353 1352)
4(952 953 1354 1353)
4(953 954 1355 1354)
4(954 955 1356 1355)
4(955 956 1357 1356)
4(956 957 1358 1357)
4(957 958 1359 1358)
4(958 959 1360 1359)
4(959 960 1361 1360)
4(960 961 1362 1361)
4(961 962 1363 1362)
4(962 963 1364 1363)
4(963 964 1365 1364)
4(964 965 1366 1365)
4(965 966 1367 1366)
4(966 967 1368 1367)
4(967 968 1369 1368)
4(968 969 1370 1369)
4(969 970 1371 1370)
4(970 971 1372 1371)
4(971 972 1373 1372)
4(972 973 1374 1373)
4(973 974 1375 1374)
4(974 975 1376 1375)
4(975 976 1377 1376)
4(976 977 1378 1377)
4(977 978 1379 1378)
4(978 979 1380 1379)
4(979 980 1381 1380)
4(980 981 1382 1381)
4(981 982 1383 1382)
4(982 983 1384 1383)
4(983 984 1385 1384)
4(984 985 1386 1385)
4(985 986 1387 1386)
4(986 987 1388 1387)
4(987 988 1389 1388)
4(988 989 1390 1389)
4(989 990 1391 1390)
4(990 991 1392 1391)
4(991 992 1393 1392)
4(992 993 1394 1393)
4(993 994 1395 1394)
4(994 995 1396 1395)
4(995 996 1397 1396)
4(996 997 1398 1397)
4(997 998 1399 1398)
4(998 999 1400 1399)
4(999 1000 1401 1400)
4(1000 1001 1402 1401)
4(1001 1002 1403 1402)
4(1002 1003 1404 1403)
4(1003 1004 1405 1404)
4(1004 1005 1406 1405)
4(1005 1006 1407 1406)
4(1006 1007 1408 1407)
4(1007 1008 1409 1408)
4(1008 1009 1410 1409)
4(1009 1010 1411 1410)
4(1010 1011 1412 1411)
4(1011 1012 1413 1412)
4(1012 1013 1414 1413)
4(1013 1014 1415 1414)
4(1014 1015 1416 1415)
4(1015 1016 1417 1416)
4(1016 1017 1418 1417)
4(1017 1018 1419 1418)
4(1018 1019 1420 1419)
4(1019 1020 1421 1420)
4(1020 1021 1422 1421)
4(1021 1022 1423 1422)
4(1022 1023 1424 1423)
4(1023 1024 1425 1424)
4(1024 1025 1426 1425)
4(1025 1026 1427 1426)
4(1026 1027 1428 1427)
4(1027 1028 1429 1428)
4(1028 1029 1430 1429)
4(1029 1030 1431 1430)
4(1030 1031 1432 1431)
4(1031 1032 1433 1432)
4(1032 1033 1434 1433)
4(1033 1034 1435 1434)
4(1034 1035 1436 1435)
4(1035 1036 1437 1436)
4(1036 1037 1438 1437)
4(1037 1038 1439 1438)
4(1038 1039 1440 1439)
4(1039 1040 1441 1440)
4(1040 1041 1442 1441)
4(1041 1042 1443 1442)
4(1042 1043 1444 1443)
4(1043 1044 1445 1444)
4(1044 1045 1446 1445)
4(1045 1046 1447 1446)
4(1046 1047 1448 1447)
4(1047 1048 1449 1448)
4(1048 1049 1450 1449)
4(1049 1050 1451 1450)
4(1050 1051 1452 1451)
4(1051 1052 1453 1452)
4(1052 1053 1454 1453)
4(1053 1054 1455 1454)
4(1054 1055 1456 1455)
4(1055 1056 1457 1456)
4(1056 1057 1458 1457)
4(1057 1058 1459 1458)
4(1058 1059 1460 1459)
4(1059 1060 1461 1460)
4(1060 1061 1462 1461)
4(1061 1062 1463 1462)
4(1062 1063 1464 1463)
4(1063 1064 1465 1464)
4(1064 1065 1466 1465)
4(1065 1066 1467 1466)
4(1066 1067 1468 1467)
4(1067 1068 1469 1468)
4(1068 1069 1470 1469)
4(1069 1070 1471 1470)
4(1070 1071 1472 1471)
4(1071 1072 1473 1472)
4(1072 1073 1474 1473)
4(1073 1074 1475 1474)
4(1074 1075 1476 1475)
4(1075 1076 1477 1476)
4(1076 1077 1478 1477)
4(1077 1078 1479 1478)
4(1078 1079 1480 1479)
4(1079 1080 1481 1480)
4(1080 1081 1482 1481)
4(1081 1082 1483 1482)
4(1082 1083 1484 1483)
4(1083 1084 1485 1484)
4(1084 1085 1486 1485)
4(1085 1086 1487 1486)
4(1086 1087 1488 1487)
4(1087 1088 1489 1488)
4(1088 1089 1490 1489)
4(1089 1090 1491 1490)
4(1090 1091 1492 1491)
4(1091 1092 1493 1492)
4(1092 1093 1494 1493)
4(1093 1094 1495 1494)
4(1094 1095 1496 1495)
4(1095 1096 1497 1496)
4(1096 1097 1498 1497)
4(1097 1098 1499 1498)
4(1098 1099 1500 1499)
4(1099 1100 1501 1500)
4(1100 1101 1502 1501)
4(1101 1102 1503 1502)
4(1102 1103 1504 1503)
4(1103 1104 1505 1504)
4(1104 1105 1506 1505)
4(1105 1106 1507 1506)
4(1106 1107 1508 1507)
4(1107 1108 1509 1508)
4(1108 1109 1510 1509)
4(1109 1110 1511 1510)
4(1110 1111 1512 1511)
4(1111 1112 1513 1512)
4(1112 1113 1514 1513)
4(1113 1114 1515 1514)
4(1114 1115 1516 1515)
4(1115 1116 1517 1516)
4(1116 1117 1518 1517)
4(1117 1118 1519 1518)
4(1118 1119 1520 1519)
4(1119 1120 1521 1520)
4(1120 1121 1522 1521)
4(1121 1122 1523 1522)
4(1122 1123 1524 1523)
4(1123 1124 1525 1524)
4(1124 1125 1526 1525)
4(1125 1126 1527 1526)
4(1126 1127 1528 1527)
4(1127 1128 1529 1528)
4(1128 1129 1530 1529)
4(1129 1130 1531 1530)
4(1130 1131 1532 1531)
4(1131 1132 1533 1532)
4(1132 1133 1534 1533)
4(1133 1134 1535 1534)
4(1134 1135 1536 1535)
4(1135 1136 1537 1536)
4(1136 1137 1538 1537)
4(1137 1138 1539 1538)
4(1138 1139 1540 1539)
4(1139 1140 1541 1540)
4(1140 1141 1542 1541)
4(1141 1142 1543 1542)
4(1142 1143 1544 1543)
4(1143 1144 1545 1544)
4(1144 1145 1546 1545)
4(1145 1146 1547 1546)
4(1146 1147 1548 1547)
4(1147 1148 1549 1548)
4(1148 1149 1550 1549)
4(1149 1150 1551 1550)
4(1150 1151 1552 1551)
4(1151 1152 1553 1552)
4(1152 1153 1554 1553)
4(1153 1154 1555 1554)
4(1154 1155 1556 1555)
4(1155 1156 1557 1556)
4(1156 1157 1558 1557)
4(1157 1158 1559 1558)
4(1158 1159 1560 1559)
4(1159 1160 1561 1560)
4(1160 1161 1562 1561)
4(1161 1162 1563 1562)
4(1162 1163 1564 1563)
4(1163 1164 1565 1564)
4(1164 1165 1566 1565)
4(1165 1166 1567 1566)
4(1166 1167 1568 1567)
4(1167 1168 1569 1568)
4(1168 1169 1570 1569)
4(1169 1170 1571 1570)
4(1170 1171 1572 1571)
4(1171 1172 1573 1572)
4(1172 1173 1574 1573)
4(1173 1174 1575 1574)
4(1174 1175 1576 1575)
4(1175 1176 1577 1576)
4(1176 1177 1578 1577)
4(1177 1178 1579 1578)
4(1178 1179 1580 1579)
4(1179 1180 1581 1580)
4(1180 1181 1582 1581)
4(1181 1182 1583 1582)
4(1182 1183 1584 1583)
4(1183 1184 1585 1584)
4(1184 1185 1586 1585)
4(1185 1186 1587 1586)
4(1186 1187 1588 1587)
4(1187 1188 1589 1588)
4(1188 1189 1590 1589)
4(1189 1190 1591 1590)
4(1190 1191 1592 1591)
4(1191 1192 1593 1592)
4(1192 1193 1594 1593)
4(1193 1194 1595 1594)
4(1194 1195 1596 1595)
4(1195 1196 1597 1596)
4(1196 1197 1598 1597)
4(1197 1198 1599 1598)
4(1198 1199 1600 1599)
4(1199 1200 1601 1600)
4(1200 1201 1602 1601)
4(1201 1202 1603 1602)
4(2478 2479 2916 2915)
4(2479 2480 2917 2916)
4(2480 2481 2918 2917)
4(2481 2482 2919 2918)
4(2482 2483 2920 2919)
4(2483 2484 2921 2920)
4(2484 2485 2922 2921)
4(2485 2486 2923 2922)
4(2486 2487 2924 2923)
4(2487 2488 2925 2924)
4(2488 2489 2926 2925)
4(2489 2490 2927 2926)
4(2490 2491 2928 2927)
4(2491 2492 2929 2928)
4(2492 2493 2930 2929)
4(2493 2494 2931 2930)
4(2494 2495 2932 2931)
4(2495 2496 2933 2932)
4(2496 2497 2934 2933)
4(2497 2498 2935 2934)
4(2498 2499 2936 2935)
4(2499 2500 2937 2936)
4(2500 2501 2938 2937)
4(2501 2502 2939 2938)
4(2502 2503 2940 2939)
4(2503 2504 2941 2940)
4(2504 2505 2942 2941)
4(2505 2506 2943 2942)
4(2506 2507 2944 2943)
4(2507 2508 2945 2944)
4(2508 2509 2946 2945)
4(2509 2510 2947 2946)
4(2510 2511 2948 2947)
4(2511 2512 2949 2948)
4(2512 2513 2950 2949)
4(2513 2514 2951 2950)
4(2514 2515 2952 2951)
4(2515 2516 2953 2952)
4(2516 2517 2954 2953)
4(2517 2518 2955 2954)
4(2518 2519 2956 2955)
4(2519 2520 2957 2956)
4(2520 2521 2958 2957)
4(2521 2522 2959 2958)
4(2522 2523 2960 2959)
4(2523 2524 2961 2960)
4(2524 2525 2962 2961)
4(2525 2526 2963 2962)
4(2526 2527 2964 2963)
4(2527 2528 2965 2964)
4(2528 2529 2966 2965)
4(2529 2530 2967 2966)
4(2530 2531 2968 2967)
4(2531 2532 2969 2968)
4(2532 2533 2970 2969)
4(2533 2534 2971 2970)
4(2534 2535 2972 2971)
4(2535 2536 2973 2972)
4(2536 2537 2974 2973)
4(2537 2538 2975 2974)
4(2538 2539 2976 2975)
4(2539 2540 2977 2976)
4(2540 2541 2978 2977)
4(2541 2542 2979 2978)
4(2542 2543 2980 2979)
4(2543 2544 2981 2980)
4(2544 2545 2982 2981)
4(2545 2546 2983 2982)
4(2546 2547 2984 2983)
4(2547 2548 2985 2984)
4(2548 2549 2986 2985)
4(2549 2550 2987 2986)
4(2550 2551 2988 2987)
4(2551 2552 2989 2988)
4(2552 2553 2990 2989)
4(2553 2554 2991 2990)
4(2554 2555 2992 2991)
4(2555 2556 2993 2992)
4(2556 2557 2994 2993)
4(2557 2558 2995 2994)
4(2558 2559 2996 2995)
4(2559 2560 2997 2996)
4(2560 2561 2998 2997)
4(2561 2562 2999 2998)
4(2562 2563 3000 2999)
4(2563 2564 3001 3000)
4(2564 2565 3002 3001)
4(2565 2566 3003 3002)
4(2566 2567 3004 3003)
4(2567 2568 3005 3004)
4(2568 2569 3006 3005)
4(2569 2570 3007 3006)
4(2570 2571 3008 3007)
4(2571 2572 3009 3008)
4(2572 2573 3010 3009)
4(2573 2574 3011 3010)
4(2574 2575 3012 3011)
4(2575 2576 3013 3012)
4(2576 2577 3014 3013)
4(2577 2578 3015 3014)
4(2578 2579 3016 3015)
4(2579 2580 3017 3016)
4(2580 2581 3018 3017)
4(2581 2582 3019 3018)
4(2582 2583 3020 3019)
4(2583 2584 3021 3020)
4(2584 2585 3022 3021)
4(2585 2586 3023 3022)
4(2586 2587 3024 3023)
4(2587 2588 3025 3024)
4(2588 2589 3026 3025)
4(2589 2590 3027 3026)
4(2590 2591 3028 3027)
4(2591 2592 3029 3028)
4(2592 2593 3030 3029)
4(2593 2594 3031 3030)
4(2594 2595 3032 3031)
4(2595 2596 3033 3032)
4(2596 2597 3034 3033)
4(2597 2598 3035 3034)
4(2598 2599 3036 3035)
4(2599 2600 3037 3036)
4(2600 2601 3038 3037)
4(2601 2602 3039 3038)
4(2602 2603 3040 3039)
4(2603 2604 3041 3040)
4(2604 2605 3042 3041)
4(2605 2606 3043 3042)
4(2606 2607 3044 3043)
4(2607 2608 3045 3044)
4(2608 2609 3046 3045)
4(2609 2610 3047 3046)
4(2610 2611 3048 3047)
4(2611 2612 3049 3048)
4(2612 2613 3050 3049)
4(2613 2614 3051 3050)
4(2614 2615 3052 3051)
4(2615 2616 3053 3052)
4(2616 2617 3054 3053)
4(2617 2618 3055 3054)
4(2618 2619 3056 3055)
4(2619 2620 3057 3056)
4(2620 2621 3058 3057)
4(2621 2622 3059 3058)
4(2622 2623 3060 3059)
4(2623 2624 3061 3060)
4(2624 2625 3062 3061)
4(2625 2626 3063 3062)
4(2626 2627 3064 3063)
4(2627 2628 3065 3064)
4(2628 2629 3066 3065)
4(2629 2630 3067 3066)
4(2630 2631 3068 3067)
4(2631 2632 3069 3068)
4(2632 2633 3070 3069)
4(2633 2634 3071 3070)
4(2634 2635 3072 3071)
4(2635 2636 3073 3072)
4(2636 2637 3074 3073)
4(2637 2638 3075 3074)
4(2638 2639 3076 3075)
4(2639 2640 3077 3076)
4(2640 2641 3078 3077)
4(2641 2642 3079 3078)
4(2642 2643 3080 3079)
4(2643 2644 3081 3080)
4(2644 2645 3082 3081)
4(2645 2646 3083 3082)
4(2646 2647 3084 3083)
4(2647 2648 3085 3084)
4(2648 2649 3086 3085)
4(2649 2650 3087 3086)
4(2650 2651 3088 3087)
4(2651 2652 3089 3088)
4(2652 2653 3090 3089)
4(2653 2654 3091 3090)
4(2654 2655 3092 3091)
4(2655 2656 3093 3092)
4(2656 2657 3094 3093)
4(2657 2658 3095 3094)
4(2658 2659 3096 3095)
4(2659 2660 3097 3096)
4(2660 2661 3098 3097)
4(2661 2662 3099 3098)
4(2662 2663 3100 3099)
4(2663 2664 3101 3100)
4(2664 2665 3102 3101)
4(2665 2666 3103 3102)
4(2666 2667 3104 3103)
4(2667 2668 3105 3104)
4(2668 2669 3106 3105)
4(2669 2670 3107 3106)
4(2670 2671 3108 3107)
4(2671 2672 3109 3108)
4(2672 2673 3110 3109)
4(2673 2674 3111 3110)
4(2674 2675 3112 3111)
4(2675 2676 3113 3112)
4(2676 2677 3114 3113)
4(2677 2678 3115 3114)
4(2678 2679 3116 3115)
4(2679 2680 3117 3116)
4(2680 2681 3118 3117)
4(2681 2682 3119 3118)
4(2682 2683 3120 3119)
4(2683 2684 3121 3120)
4(2684 2685 3122 3121)
4(2685 2686 3123 3122)
4(2686 2687 3124 3123)
4(2687 2688 3125 3124)
4(2688 2689 3126 3125)
4(2689 2690 3127 3126)
4(2690 2691 3128 3127)
4(2691 2692 3129 3128)
4(2692 2693 3130 3129)
4(2693 2694 3131 3130)
4(2694 2695 3132 3131)
4(2695 2696 3133 3132)
4(2696 2697 3134 3133)
4(2697 2698 3135 3134)
4(2698 2699 3136 3135)
4(2699 2700 3137 3136)
4(2700 2701 3138 3137)
4(2701 2702 3139 3138)
4(2702 2703 3140 3139)
4(2703 2704 3141 3140)
4(2704 2705 3142 3141)
4(2705 2706 3143 3142)
4(2706 2707 3144 3143)
4(2707 2708 3145 3144)
4(2708 2709 3146 3145)
4(2709 2710 3147 3146)
4(2710 2711 3148 3147)
4(2711 2712 3149 3148)
4(2712 2713 3150 3149)
4(2713 2714 3151 3150)
4(2714 2715 3152 3151)
4(2715 2716 3153 3152)
4(2716 2717 3154 3153)
4(2717 2718 3155 3154)
4(2718 2719 3156 3155)
4(2719 2720 3157 3156)
4(2720 2721 3158 3157)
4(2721 2722 3159 3158)
4(2722 2723 3160 3159)
4(2723 2724 3161 3160)
4(2724 2725 3162 3161)
4(2725 2726 3163 3162)
4(2726 2727 3164 3163)
4(2727 2728 3165 3164)
4(2728 2729 3166 3165)
4(2729 2730 3167 3166)
4(2730 2731 3168 3167)
4(2731 2732 3169 3168)
4(2732 2733 3170 3169)
4(2733 2734 3171 3170)
4(2734 2735 3172 3171)
4(2735 2736 3173 3172)
4(2736 2737 3174 3173)
4(2737 2738 3175 3174)
4(2738 2739 3176 3175)
4(2739 2740 3177 3176)
4(2740 2741 3178 3177)
4(2741 2742 3179 3178)
4(2742 2743 3180 3179)
4(2743 2744 3181 3180)
4(2744 2745 3182 3181)
4(2745 2746 3183 3182)
4(2746 2747 3184 3183)
4(2747 2748 3185 3184)
4(2748 2749 3186 3185)
4(2749 2750 3187 3186)
4(2750 2751 3188 3187)
4(2751 2752 3189 3188)
4(2752 2753 3190 3189)
4(2753 2754 3191 3190)
4(2754 2755 3192 3191)
4(2755 2756 3193 3192)
4(2756 2757 3194 3193)
4(2757 2758 3195 3194)
4(2758 2759 3196 3195)
4(2759 2760 3197 3196)
4(2760 2761 3198 3197)
4(2761 2762 3199 3198)
4(2762 2763 3200 3199)
4(2763 2764 3201 3200)
4(2764 2765 3202 3201)
4(2765 2766 3203 3202)
4(2766 2767 3204 3203)
4(2767 2768 3205 3204)
4(2768 2769 3206 3205)
4(2769 2770 3207 3206)
4(2770 2771 3208 3207)
4(2771 2772 3209 3208)
4(2772 2773 3210 3209)
4(2773 2774 3211 3210)
4(2774 2775 3212 3211)
4(2775 2776 3213 3212)
4(2776 2777 3214 3213)
4(2777 2778 3215 3214)
4(2778 2779 3216 3215)
4(2779 2780 3217 3216)
4(2780 2781 3218 3217)
4(2781 2782 3219 3218)
4(2782 2783 3220 3219)
4(2783 2784 3221 3220)
4(2784 2785 3222 3221)
4(2785 2786 3223 3222)
4(2786 2787 3224 3223)
4(2787 2788 3225 3224)
4(2788 2789 3226 3225)
4(2789 2790 3227 3226)
4(2790 2791 3228 3227)
4(2791 2792 3229 3228)
4(2792 2793 3230 3229)
4(2793 2794 3231 3230)
4(2794 2795 3232 3231)
4(2795 2796 3233 3232)
4(2796 2797 3234 3233)
4(2797 2798 3235 3234)
4(2798 2799 3236 3235)
4(2799 2800 3237 3236)
4(2800 2801 3238 3237)
4(2801 2802 3239 3238)
4(2802 2803 3240 3239)
4(2803 2804 3241 3240)
4(2804 2805 3242 3241)
4(2805 2806 3243 3242)
4(2806 2807 3244 3243)
4(2807 2808 3245 3244)
4(2808 2809 3246 3245)
4(2809 2810 3247 3246)
4(2810 2811 3248 3247)
4(2811 2812 3249 3248)
4(2812 2813 3250 3249)
4(2813 2814 3251 3250)
4(2814 2815 3252 3251)
4(2815 2816 3253 3252)
4(2816 2817 3254 3253)
4(2817 2818 3255 3254)
4(2818 2819 3256 3255)
4(2819 2820 3257 3256)
4(2820 2821 3258 3257)
4(2821 2822 3259 3258)
4(2822 2823 3260 3259)
4(2823 2824 3261 3260)
4(2824 2825 3262 3261)
4(2825 2826 3263 3262)
4(2826 2827 3264 3263)
4(2827 2828 3265 3264)
4(2828 2829 3266 3265)
4(2829 2830 3267 3266)
4(2830 2831 3268 3267)
4(2831 2832 3269 3268)
4(2832 2833 3270 3269)
4(2833 2834 3271 3270)
4(2834 2835 3272 3271)
4(2835 2836 3273 3272)
4(2836 2837 3274 3273)
4(2837 2838 3275 3274)
4(2838 2839 3276 3275)
4(2839 2840 3277 3276)
4(2840 2841 3278 3277)
4(2841 2842 3279 3278)
4(2842 2843 3280 3279)
4(2843 2844 3281 3280)
4(2844 2845 3282 3281)
4(2845 2846 3283 3282)
4(2846 2847 3284 3283)
4(2847 2848 3285 3284)
4(2848 2849 3286 3285)
4(2849 2850 3287 3286)
4(2850 2851 3288 3287)
4(2851 2852 3289 3288)
4(2852 2853 3290 3289)
4(2853 2854 3291 3290)
4(2854 2855 3292 3291)
4(2855 2856 3293 3292)
4(2856 2857 3294 3293)
4(2857 2858 3295 3294)
4(2858 2859 3296 3295)
4(2859 2860 3297 3296)
4(2860 2861 3298 3297)
4(2861 2862 3299 3298)
4(2862 2863 3300 3299)
4(2863 2864 3301 3300)
4(2864 2865 3302 3301)
4(2865 2866 3303 3302)
4(2866 2867 3304 3303)
4(2867 2868 3305 3304)
4(2868 2869 3306 3305)
4(2869 2870 3307 3306)
4(2870 2871 3308 3307)
4(2871 2872 3309 3308)
4(2872 2873 3310 3309)
4(2873 2874 3311 3310)
4(2874 2875 3312 3311)
4(2875 2876 3313 3312)
4(2876 2877 3314 3313)
4(2877 2878 3315 3314)
4(2878 2879 3316 3315)
4(2879 2880 3317 3316)
4(2880 2881 3318 3317)
4(2881 2882 3319 3318)
4(2882 2883 3320 3319)
4(2883 2884 3321 3320)
4(2884 2885 3322 3321)
4(2885 2886 3323 3322)
4(2886 2887 3324 3323)
4(2887 2888 3325 3324)
4(2888 2889 3326 3325)
4(2889 2890 3327 3326)
4(2890 2891 3328 3327)
4(2891 2892 3329 3328)
4(2892 2893 3330 3329)
4(2893 2894 3331 3330)
4(2894 2895 3332 3331)
4(2895 2896 3333 3332)
4(2896 2897 3334 3333)
4(2897 2898 3335 3334)
4(2898 2899 3336 3335)
4(2899 2900 3337 3336)
4(2900 2901 3338 3337)
4(2901 2902 3339 3338)
4(2902 2903 3340 3339)
4(2903 2904 3341 3340)
4(2904 2905 3342 3341)
4(2905 2906 3343 3342)
4(2906 2907 3344 3343)
4(2907 2908 3345 3344)
4(2908 2909 3346 3345)
4(2909 2910 3347 3346)
4(2910 2911 3348 3347)
4(2911 2912 3349 3348)
4(2912 2913 3350 3349)
4(2913 2914 3351 3350)
)


// ************************************************************************* //
