/*--------------------------------*- C++ -*----------------------------------*\
| =========                 |                                                 |
| \\      /  F ield         | OpenFOAM: The Open Source CFD Toolbox           |
|  \\    /   O peration     | Version:  v1906                                 |
|   \\  /    A nd           | Web:      www.OpenFOAM.com                      |
|    \\/     M anipulation  |                                                 |
\*---------------------------------------------------------------------------*/
FoamFile
{
    version     2.0;
    format      ascii;
    class       vectorField;
    location    "constant/polyMesh";
    object      points;
}
// * * * * * * * * * * * * * * * * * * * * * * * * * * * * * * * * * * * * * //


3352
(
(-150 -0.5 -0.5)
(-149 -0.5 -0.5)
(-148 -0.5 -0.5)
(-147 -0.5 -0.5)
(-146 -0.5 -0.5)
(-145 -0.5 -0.5)
(-144 -0.5 -0.5)
(-143 -0.5 -0.5)
(-142 -0.5 -0.5)
(-141 -0.5 -0.5)
(-140 -0.5 -0.5)
(-139 -0.5 -0.5)
(-138 -0.5 -0.5)
(-137 -0.5 -0.5)
(-136 -0.5 -0.5)
(-135 -0.5 -0.5)
(-134 -0.5 -0.5)
(-133 -0.5 -0.5)
(-132 -0.5 -0.5)
(-131 -0.5 -0.5)
(-130 -0.5 -0.5)
(-129 -0.5 -0.5)
(-128 -0.5 -0.5)
(-127 -0.5 -0.5)
(-126 -0.5 -0.5)
(-125 -0.5 -0.5)
(-124 -0.5 -0.5)
(-123 -0.5 -0.5)
(-122 -0.5 -0.5)
(-121 -0.5 -0.5)
(-120 -0.5 -0.5)
(-119 -0.5 -0.5)
(-118 -0.5 -0.5)
(-117 -0.5 -0.5)
(-116 -0.5 -0.5)
(-115 -0.5 -0.5)
(-114 -0.5 -0.5)
(-113 -0.5 -0.5)
(-112 -0.5 -0.5)
(-111 -0.5 -0.5)
(-110 -0.5 -0.5)
(-109 -0.5 -0.5)
(-108 -0.5 -0.5)
(-107 -0.5 -0.5)
(-106 -0.5 -0.5)
(-105 -0.5 -0.5)
(-104 -0.5 -0.5)
(-103 -0.5 -0.5)
(-102 -0.5 -0.5)
(-101 -0.5 -0.5)
(-100 -0.5 -0.5)
(-99 -0.5 -0.5)
(-98 -0.5 -0.5)
(-97 -0.5 -0.5)
(-96 -0.5 -0.5)
(-95 -0.5 -0.5)
(-94 -0.5 -0.5)
(-93 -0.5 -0.5)
(-92 -0.5 -0.5)
(-91 -0.5 -0.5)
(-90 -0.5 -0.5)
(-89 -0.5 -0.5)
(-88 -0.5 -0.5)
(-87 -0.5 -0.5)
(-86 -0.5 -0.5)
(-85 -0.5 -0.5)
(-84 -0.5 -0.5)
(-83 -0.5 -0.5)
(-82 -0.5 -0.5)
(-81 -0.5 -0.5)
(-80 -0.5 -0.5)
(-79 -0.5 -0.5)
(-78 -0.5 -0.5)
(-77 -0.5 -0.5)
(-76 -0.5 -0.5)
(-75 -0.5 -0.5)
(-74 -0.5 -0.5)
(-73 -0.5 -0.5)
(-72 -0.5 -0.5)
(-71 -0.5 -0.5)
(-70 -0.5 -0.5)
(-69 -0.5 -0.5)
(-68 -0.5 -0.5)
(-67 -0.5 -0.5)
(-66 -0.5 -0.5)
(-65 -0.5 -0.5)
(-64 -0.5 -0.5)
(-63 -0.5 -0.5)
(-62 -0.5 -0.5)
(-61 -0.5 -0.5)
(-60 -0.5 -0.5)
(-59 -0.5 -0.5)
(-58 -0.5 -0.5)
(-57 -0.5 -0.5)
(-56 -0.5 -0.5)
(-55 -0.5 -0.5)
(-54 -0.5 -0.5)
(-53 -0.5 -0.5)
(-52 -0.5 -0.5)
(-51 -0.5 -0.5)
(-50 -0.5 -0.5)
(-49 -0.5 -0.5)
(-48 -0.5 -0.5)
(-47 -0.5 -0.5)
(-46 -0.5 -0.5)
(-45 -0.5 -0.5)
(-44 -0.5 -0.5)
(-43 -0.5 -0.5)
(-42 -0.5 -0.5)
(-41 -0.5 -0.5)
(-40 -0.5 -0.5)
(-39 -0.5 -0.5)
(-38 -0.5 -0.5)
(-37 -0.5 -0.5)
(-36 -0.5 -0.5)
(-35 -0.5 -0.5)
(-34 -0.5 -0.5)
(-33 -0.5 -0.5)
(-32 -0.5 -0.5)
(-31 -0.5 -0.5)
(-30 -0.5 -0.5)
(-29 -0.5 -0.5)
(-28 -0.5 -0.5)
(-27 -0.5 -0.5)
(-26 -0.5 -0.5)
(-25 -0.5 -0.5)
(-24 -0.5 -0.5)
(-23 -0.5 -0.5)
(-22 -0.5 -0.5)
(-21 -0.5 -0.5)
(-20 -0.5 -0.5)
(-19 -0.5 -0.5)
(-18 -0.5 -0.5)
(-17 -0.5 -0.5)
(-16 -0.5 -0.5)
(-15 -0.5 -0.5)
(-14 -0.5 -0.5)
(-13 -0.5 -0.5)
(-12 -0.5 -0.5)
(-11 -0.5 -0.5)
(-10 -0.5 -0.5)
(-9 -0.5 -0.5)
(-8 -0.5 -0.5)
(-7 -0.5 -0.5)
(-6 -0.5 -0.5)
(-5 -0.5 -0.5)
(-4 -0.5 -0.5)
(-3 -0.5 -0.5)
(-2 -0.5 -0.5)
(-1 -0.5 -0.5)
(0 -0.5 -0.5)
(1 -0.5 -0.5)
(2 -0.5 -0.5)
(3 -0.5 -0.5)
(4 -0.5 -0.5)
(5 -0.5 -0.5)
(6 -0.5 -0.5)
(7 -0.5 -0.5)
(8 -0.5 -0.5)
(9 -0.5 -0.5)
(10 -0.5 -0.5)
(11 -0.5 -0.5)
(12 -0.5 -0.5)
(13 -0.5 -0.5)
(14 -0.5 -0.5)
(15 -0.5 -0.5)
(16 -0.5 -0.5)
(17 -0.5 -0.5)
(18 -0.5 -0.5)
(19 -0.5 -0.5)
(20 -0.5 -0.5)
(21 -0.5 -0.5)
(22 -0.5 -0.5)
(23 -0.5 -0.5)
(24 -0.5 -0.5)
(25 -0.5 -0.5)
(26 -0.5 -0.5)
(27 -0.5 -0.5)
(28 -0.5 -0.5)
(29 -0.5 -0.5)
(30 -0.5 -0.5)
(31 -0.5 -0.5)
(32 -0.5 -0.5)
(33 -0.5 -0.5)
(34 -0.5 -0.5)
(35 -0.5 -0.5)
(36 -0.5 -0.5)
(37 -0.5 -0.5)
(38 -0.5 -0.5)
(39 -0.5 -0.5)
(40 -0.5 -0.5)
(41 -0.5 -0.5)
(42 -0.5 -0.5)
(43 -0.5 -0.5)
(44 -0.5 -0.5)
(45 -0.5 -0.5)
(46 -0.5 -0.5)
(47 -0.5 -0.5)
(48 -0.5 -0.5)
(49 -0.5 -0.5)
(50 -0.5 -0.5)
(51 -0.5 -0.5)
(52 -0.5 -0.5)
(53 -0.5 -0.5)
(54 -0.5 -0.5)
(55 -0.5 -0.5)
(56 -0.5 -0.5)
(57 -0.5 -0.5)
(58 -0.5 -0.5)
(59 -0.5 -0.5)
(60 -0.5 -0.5)
(61 -0.5 -0.5)
(62 -0.5 -0.5)
(63 -0.5 -0.5)
(64 -0.5 -0.5)
(65 -0.5 -0.5)
(66 -0.5 -0.5)
(67 -0.5 -0.5)
(68 -0.5 -0.5)
(69 -0.5 -0.5)
(70 -0.5 -0.5)
(71 -0.5 -0.5)
(72 -0.5 -0.5)
(73 -0.5 -0.5)
(74 -0.5 -0.5)
(75 -0.5 -0.5)
(76 -0.5 -0.5)
(77 -0.5 -0.5)
(78 -0.5 -0.5)
(79 -0.5 -0.5)
(80 -0.5 -0.5)
(81 -0.5 -0.5)
(82 -0.5 -0.5)
(83 -0.5 -0.5)
(84 -0.5 -0.5)
(85 -0.5 -0.5)
(86 -0.5 -0.5)
(87 -0.5 -0.5)
(88 -0.5 -0.5)
(89 -0.5 -0.5)
(90 -0.5 -0.5)
(91 -0.5 -0.5)
(92 -0.5 -0.5)
(93 -0.5 -0.5)
(94 -0.5 -0.5)
(95 -0.5 -0.5)
(96 -0.5 -0.5)
(97 -0.5 -0.5)
(98 -0.5 -0.5)
(99 -0.5 -0.5)
(100 -0.5 -0.5)
(101 -0.5 -0.5)
(102 -0.5 -0.5)
(103 -0.5 -0.5)
(104 -0.5 -0.5)
(105 -0.5 -0.5)
(106 -0.5 -0.5)
(107 -0.5 -0.5)
(108 -0.5 -0.5)
(109 -0.5 -0.5)
(110 -0.5 -0.5)
(111 -0.5 -0.5)
(112 -0.5 -0.5)
(113 -0.5 -0.5)
(114 -0.5 -0.5)
(115 -0.5 -0.5)
(116 -0.5 -0.5)
(117 -0.5 -0.5)
(118 -0.5 -0.5)
(119 -0.5 -0.5)
(120 -0.5 -0.5)
(121 -0.5 -0.5)
(122 -0.5 -0.5)
(123 -0.5 -0.5)
(124 -0.5 -0.5)
(125 -0.5 -0.5)
(126 -0.5 -0.5)
(127 -0.5 -0.5)
(128 -0.5 -0.5)
(129 -0.5 -0.5)
(130 -0.5 -0.5)
(131 -0.5 -0.5)
(132 -0.5 -0.5)
(133 -0.5 -0.5)
(134 -0.5 -0.5)
(135 -0.5 -0.5)
(136 -0.5 -0.5)
(137 -0.5 -0.5)
(138 -0.5 -0.5)
(139 -0.5 -0.5)
(140 -0.5 -0.5)
(141 -0.5 -0.5)
(142 -0.5 -0.5)
(143 -0.5 -0.5)
(144 -0.5 -0.5)
(145 -0.5 -0.5)
(146 -0.5 -0.5)
(147 -0.5 -0.5)
(148 -0.5 -0.5)
(149 -0.5 -0.5)
(150 -0.5 -0.5)
(151 -0.5 -0.5)
(152 -0.5 -0.5)
(153 -0.5 -0.5)
(154 -0.5 -0.5)
(155 -0.5 -0.5)
(156 -0.5 -0.5)
(157 -0.5 -0.5)
(158 -0.5 -0.5)
(159 -0.5 -0.5)
(160 -0.5 -0.5)
(161 -0.5 -0.5)
(162 -0.5 -0.5)
(163 -0.5 -0.5)
(164 -0.5 -0.5)
(165 -0.5 -0.5)
(166 -0.5 -0.5)
(167 -0.5 -0.5)
(168 -0.5 -0.5)
(169 -0.5 -0.5)
(170 -0.5 -0.5)
(171 -0.5 -0.5)
(172 -0.5 -0.5)
(173 -0.5 -0.5)
(174 -0.5 -0.5)
(175 -0.5 -0.5)
(176 -0.5 -0.5)
(177 -0.5 -0.5)
(178 -0.5 -0.5)
(179 -0.5 -0.5)
(180 -0.5 -0.5)
(181 -0.5 -0.5)
(182 -0.5 -0.5)
(183 -0.5 -0.5)
(184 -0.5 -0.5)
(185 -0.5 -0.5)
(186 -0.5 -0.5)
(187 -0.5 -0.5)
(188 -0.5 -0.5)
(189 -0.5 -0.5)
(190 -0.5 -0.5)
(191 -0.5 -0.5)
(192 -0.5 -0.5)
(193 -0.5 -0.5)
(194 -0.5 -0.5)
(195 -0.5 -0.5)
(196 -0.5 -0.5)
(197 -0.5 -0.5)
(198 -0.5 -0.5)
(199 -0.5 -0.5)
(200 -0.5 -0.5)
(201 -0.5 -0.5)
(202 -0.5 -0.5)
(203 -0.5 -0.5)
(204 -0.5 -0.5)
(205 -0.5 -0.5)
(206 -0.5 -0.5)
(207 -0.5 -0.5)
(208 -0.5 -0.5)
(209 -0.5 -0.5)
(210 -0.5 -0.5)
(211 -0.5 -0.5)
(212 -0.5 -0.5)
(213 -0.5 -0.5)
(214 -0.5 -0.5)
(215 -0.5 -0.5)
(216 -0.5 -0.5)
(217 -0.5 -0.5)
(218 -0.5 -0.5)
(219 -0.5 -0.5)
(220 -0.5 -0.5)
(221 -0.5 -0.5)
(222 -0.5 -0.5)
(223 -0.5 -0.5)
(224 -0.5 -0.5)
(225 -0.5 -0.5)
(226 -0.5 -0.5)
(227 -0.5 -0.5)
(228 -0.5 -0.5)
(229 -0.5 -0.5)
(230 -0.5 -0.5)
(231 -0.5 -0.5)
(232 -0.5 -0.5)
(233 -0.5 -0.5)
(234 -0.5 -0.5)
(235 -0.5 -0.5)
(236 -0.5 -0.5)
(237 -0.5 -0.5)
(238 -0.5 -0.5)
(239 -0.5 -0.5)
(240 -0.5 -0.5)
(241 -0.5 -0.5)
(242 -0.5 -0.5)
(243 -0.5 -0.5)
(244 -0.5 -0.5)
(245 -0.5 -0.5)
(246 -0.5 -0.5)
(247 -0.5 -0.5)
(248 -0.5 -0.5)
(249 -0.5 -0.5)
(250 -0.5 -0.5)
(-150 0.5 -0.5)
(-149 0.5 -0.5)
(-148 0.5 -0.5)
(-147 0.5 -0.5)
(-146 0.5 -0.5)
(-145 0.5 -0.5)
(-144 0.5 -0.5)
(-143 0.5 -0.5)
(-142 0.5 -0.5)
(-141 0.5 -0.5)
(-140 0.5 -0.5)
(-139 0.5 -0.5)
(-138 0.5 -0.5)
(-137 0.5 -0.5)
(-136 0.5 -0.5)
(-135 0.5 -0.5)
(-134 0.5 -0.5)
(-133 0.5 -0.5)
(-132 0.5 -0.5)
(-131 0.5 -0.5)
(-130 0.5 -0.5)
(-129 0.5 -0.5)
(-128 0.5 -0.5)
(-127 0.5 -0.5)
(-126 0.5 -0.5)
(-125 0.5 -0.5)
(-124 0.5 -0.5)
(-123 0.5 -0.5)
(-122 0.5 -0.5)
(-121 0.5 -0.5)
(-120 0.5 -0.5)
(-119 0.5 -0.5)
(-118 0.5 -0.5)
(-117 0.5 -0.5)
(-116 0.5 -0.5)
(-115 0.5 -0.5)
(-114 0.5 -0.5)
(-113 0.5 -0.5)
(-112 0.5 -0.5)
(-111 0.5 -0.5)
(-110 0.5 -0.5)
(-109 0.5 -0.5)
(-108 0.5 -0.5)
(-107 0.5 -0.5)
(-106 0.5 -0.5)
(-105 0.5 -0.5)
(-104 0.5 -0.5)
(-103 0.5 -0.5)
(-102 0.5 -0.5)
(-101 0.5 -0.5)
(-100 0.5 -0.5)
(-99 0.5 -0.5)
(-98 0.5 -0.5)
(-97 0.5 -0.5)
(-96 0.5 -0.5)
(-95 0.5 -0.5)
(-94 0.5 -0.5)
(-93 0.5 -0.5)
(-92 0.5 -0.5)
(-91 0.5 -0.5)
(-90 0.5 -0.5)
(-89 0.5 -0.5)
(-88 0.5 -0.5)
(-87 0.5 -0.5)
(-86 0.5 -0.5)
(-85 0.5 -0.5)
(-84 0.5 -0.5)
(-83 0.5 -0.5)
(-82 0.5 -0.5)
(-81 0.5 -0.5)
(-80 0.5 -0.5)
(-79 0.5 -0.5)
(-78 0.5 -0.5)
(-77 0.5 -0.5)
(-76 0.5 -0.5)
(-75 0.5 -0.5)
(-74 0.5 -0.5)
(-73 0.5 -0.5)
(-72 0.5 -0.5)
(-71 0.5 -0.5)
(-70 0.5 -0.5)
(-69 0.5 -0.5)
(-68 0.5 -0.5)
(-67 0.5 -0.5)
(-66 0.5 -0.5)
(-65 0.5 -0.5)
(-64 0.5 -0.5)
(-63 0.5 -0.5)
(-62 0.5 -0.5)
(-61 0.5 -0.5)
(-60 0.5 -0.5)
(-59 0.5 -0.5)
(-58 0.5 -0.5)
(-57 0.5 -0.5)
(-56 0.5 -0.5)
(-55 0.5 -0.5)
(-54 0.5 -0.5)
(-53 0.5 -0.5)
(-52 0.5 -0.5)
(-51 0.5 -0.5)
(-50 0.5 -0.5)
(-49 0.5 -0.5)
(-48 0.5 -0.5)
(-47 0.5 -0.5)
(-46 0.5 -0.5)
(-45 0.5 -0.5)
(-44 0.5 -0.5)
(-43 0.5 -0.5)
(-42 0.5 -0.5)
(-41 0.5 -0.5)
(-40 0.5 -0.5)
(-39 0.5 -0.5)
(-38 0.5 -0.5)
(-37 0.5 -0.5)
(-36 0.5 -0.5)
(-35 0.5 -0.5)
(-34 0.5 -0.5)
(-33 0.5 -0.5)
(-32 0.5 -0.5)
(-31 0.5 -0.5)
(-30 0.5 -0.5)
(-29 0.5 -0.5)
(-28 0.5 -0.5)
(-27 0.5 -0.5)
(-26 0.5 -0.5)
(-25 0.5 -0.5)
(-24 0.5 -0.5)
(-23 0.5 -0.5)
(-22 0.5 -0.5)
(-21 0.5 -0.5)
(-20 0.5 -0.5)
(-19 0.5 -0.5)
(-18 0.5 -0.5)
(-17 0.5 -0.5)
(-16 0.5 -0.5)
(-15 0.5 -0.5)
(-14 0.5 -0.5)
(-13 0.5 -0.5)
(-12 0.5 -0.5)
(-11 0.5 -0.5)
(-10 0.5 -0.5)
(-9 0.5 -0.5)
(-8 0.5 -0.5)
(-7 0.5 -0.5)
(-6 0.5 -0.5)
(-5 0.5 -0.5)
(-4 0.5 -0.5)
(-3 0.5 -0.5)
(-2 0.5 -0.5)
(-1 0.5 -0.5)
(0 0.5 -0.5)
(1 0.5 -0.5)
(2 0.5 -0.5)
(3 0.5 -0.5)
(4 0.5 -0.5)
(5 0.5 -0.5)
(6 0.5 -0.5)
(7 0.5 -0.5)
(8 0.5 -0.5)
(9 0.5 -0.5)
(10 0.5 -0.5)
(11 0.5 -0.5)
(12 0.5 -0.5)
(13 0.5 -0.5)
(14 0.5 -0.5)
(15 0.5 -0.5)
(16 0.5 -0.5)
(17 0.5 -0.5)
(18 0.5 -0.5)
(19 0.5 -0.5)
(20 0.5 -0.5)
(21 0.5 -0.5)
(22 0.5 -0.5)
(23 0.5 -0.5)
(24 0.5 -0.5)
(25 0.5 -0.5)
(26 0.5 -0.5)
(27 0.5 -0.5)
(28 0.5 -0.5)
(29 0.5 -0.5)
(30 0.5 -0.5)
(31 0.5 -0.5)
(32 0.5 -0.5)
(33 0.5 -0.5)
(34 0.5 -0.5)
(35 0.5 -0.5)
(36 0.5 -0.5)
(37 0.5 -0.5)
(38 0.5 -0.5)
(39 0.5 -0.5)
(40 0.5 -0.5)
(41 0.5 -0.5)
(42 0.5 -0.5)
(43 0.5 -0.5)
(44 0.5 -0.5)
(45 0.5 -0.5)
(46 0.5 -0.5)
(47 0.5 -0.5)
(48 0.5 -0.5)
(49 0.5 -0.5)
(50 0.5 -0.5)
(51 0.5 -0.5)
(52 0.5 -0.5)
(53 0.5 -0.5)
(54 0.5 -0.5)
(55 0.5 -0.5)
(56 0.5 -0.5)
(57 0.5 -0.5)
(58 0.5 -0.5)
(59 0.5 -0.5)
(60 0.5 -0.5)
(61 0.5 -0.5)
(62 0.5 -0.5)
(63 0.5 -0.5)
(64 0.5 -0.5)
(65 0.5 -0.5)
(66 0.5 -0.5)
(67 0.5 -0.5)
(68 0.5 -0.5)
(69 0.5 -0.5)
(70 0.5 -0.5)
(71 0.5 -0.5)
(72 0.5 -0.5)
(73 0.5 -0.5)
(74 0.5 -0.5)
(75 0.5 -0.5)
(76 0.5 -0.5)
(77 0.5 -0.5)
(78 0.5 -0.5)
(79 0.5 -0.5)
(80 0.5 -0.5)
(81 0.5 -0.5)
(82 0.5 -0.5)
(83 0.5 -0.5)
(84 0.5 -0.5)
(85 0.5 -0.5)
(86 0.5 -0.5)
(87 0.5 -0.5)
(88 0.5 -0.5)
(89 0.5 -0.5)
(90 0.5 -0.5)
(91 0.5 -0.5)
(92 0.5 -0.5)
(93 0.5 -0.5)
(94 0.5 -0.5)
(95 0.5 -0.5)
(96 0.5 -0.5)
(97 0.5 -0.5)
(98 0.5 -0.5)
(99 0.5 -0.5)
(100 0.5 -0.5)
(101 0.5 -0.5)
(102 0.5 -0.5)
(103 0.5 -0.5)
(104 0.5 -0.5)
(105 0.5 -0.5)
(106 0.5 -0.5)
(107 0.5 -0.5)
(108 0.5 -0.5)
(109 0.5 -0.5)
(110 0.5 -0.5)
(111 0.5 -0.5)
(112 0.5 -0.5)
(113 0.5 -0.5)
(114 0.5 -0.5)
(115 0.5 -0.5)
(116 0.5 -0.5)
(117 0.5 -0.5)
(118 0.5 -0.5)
(119 0.5 -0.5)
(120 0.5 -0.5)
(121 0.5 -0.5)
(122 0.5 -0.5)
(123 0.5 -0.5)
(124 0.5 -0.5)
(125 0.5 -0.5)
(126 0.5 -0.5)
(127 0.5 -0.5)
(128 0.5 -0.5)
(129 0.5 -0.5)
(130 0.5 -0.5)
(131 0.5 -0.5)
(132 0.5 -0.5)
(133 0.5 -0.5)
(134 0.5 -0.5)
(135 0.5 -0.5)
(136 0.5 -0.5)
(137 0.5 -0.5)
(138 0.5 -0.5)
(139 0.5 -0.5)
(140 0.5 -0.5)
(141 0.5 -0.5)
(142 0.5 -0.5)
(143 0.5 -0.5)
(144 0.5 -0.5)
(145 0.5 -0.5)
(146 0.5 -0.5)
(147 0.5 -0.5)
(148 0.5 -0.5)
(149 0.5 -0.5)
(150 0.5 -0.5)
(151 0.5 -0.5)
(152 0.5 -0.5)
(153 0.5 -0.5)
(154 0.5 -0.5)
(155 0.5 -0.5)
(156 0.5 -0.5)
(157 0.5 -0.5)
(158 0.5 -0.5)
(159 0.5 -0.5)
(160 0.5 -0.5)
(161 0.5 -0.5)
(162 0.5 -0.5)
(163 0.5 -0.5)
(164 0.5 -0.5)
(165 0.5 -0.5)
(166 0.5 -0.5)
(167 0.5 -0.5)
(168 0.5 -0.5)
(169 0.5 -0.5)
(170 0.5 -0.5)
(171 0.5 -0.5)
(172 0.5 -0.5)
(173 0.5 -0.5)
(174 0.5 -0.5)
(175 0.5 -0.5)
(176 0.5 -0.5)
(177 0.5 -0.5)
(178 0.5 -0.5)
(179 0.5 -0.5)
(180 0.5 -0.5)
(181 0.5 -0.5)
(182 0.5 -0.5)
(183 0.5 -0.5)
(184 0.5 -0.5)
(185 0.5 -0.5)
(186 0.5 -0.5)
(187 0.5 -0.5)
(188 0.5 -0.5)
(189 0.5 -0.5)
(190 0.5 -0.5)
(191 0.5 -0.5)
(192 0.5 -0.5)
(193 0.5 -0.5)
(194 0.5 -0.5)
(195 0.5 -0.5)
(196 0.5 -0.5)
(197 0.5 -0.5)
(198 0.5 -0.5)
(199 0.5 -0.5)
(200 0.5 -0.5)
(201 0.5 -0.5)
(202 0.5 -0.5)
(203 0.5 -0.5)
(204 0.5 -0.5)
(205 0.5 -0.5)
(206 0.5 -0.5)
(207 0.5 -0.5)
(208 0.5 -0.5)
(209 0.5 -0.5)
(210 0.5 -0.5)
(211 0.5 -0.5)
(212 0.5 -0.5)
(213 0.5 -0.5)
(214 0.5 -0.5)
(215 0.5 -0.5)
(216 0.5 -0.5)
(217 0.5 -0.5)
(218 0.5 -0.5)
(219 0.5 -0.5)
(220 0.5 -0.5)
(221 0.5 -0.5)
(222 0.5 -0.5)
(223 0.5 -0.5)
(224 0.5 -0.5)
(225 0.5 -0.5)
(226 0.5 -0.5)
(227 0.5 -0.5)
(228 0.5 -0.5)
(229 0.5 -0.5)
(230 0.5 -0.5)
(231 0.5 -0.5)
(232 0.5 -0.5)
(233 0.5 -0.5)
(234 0.5 -0.5)
(235 0.5 -0.5)
(236 0.5 -0.5)
(237 0.5 -0.5)
(238 0.5 -0.5)
(239 0.5 -0.5)
(240 0.5 -0.5)
(241 0.5 -0.5)
(242 0.5 -0.5)
(243 0.5 -0.5)
(244 0.5 -0.5)
(245 0.5 -0.5)
(246 0.5 -0.5)
(247 0.5 -0.5)
(248 0.5 -0.5)
(249 0.5 -0.5)
(250 0.5 -0.5)
(-150 -0.5 0.5)
(-149 -0.5 0.5)
(-148 -0.5 0.5)
(-147 -0.5 0.5)
(-146 -0.5 0.5)
(-145 -0.5 0.5)
(-144 -0.5 0.5)
(-143 -0.5 0.5)
(-142 -0.5 0.5)
(-141 -0.5 0.5)
(-140 -0.5 0.5)
(-139 -0.5 0.5)
(-138 -0.5 0.5)
(-137 -0.5 0.5)
(-136 -0.5 0.5)
(-135 -0.5 0.5)
(-134 -0.5 0.5)
(-133 -0.5 0.5)
(-132 -0.5 0.5)
(-131 -0.5 0.5)
(-130 -0.5 0.5)
(-129 -0.5 0.5)
(-128 -0.5 0.5)
(-127 -0.5 0.5)
(-126 -0.5 0.5)
(-125 -0.5 0.5)
(-124 -0.5 0.5)
(-123 -0.5 0.5)
(-122 -0.5 0.5)
(-121 -0.5 0.5)
(-120 -0.5 0.5)
(-119 -0.5 0.5)
(-118 -0.5 0.5)
(-117 -0.5 0.5)
(-116 -0.5 0.5)
(-115 -0.5 0.5)
(-114 -0.5 0.5)
(-113 -0.5 0.5)
(-112 -0.5 0.5)
(-111 -0.5 0.5)
(-110 -0.5 0.5)
(-109 -0.5 0.5)
(-108 -0.5 0.5)
(-107 -0.5 0.5)
(-106 -0.5 0.5)
(-105 -0.5 0.5)
(-104 -0.5 0.5)
(-103 -0.5 0.5)
(-102 -0.5 0.5)
(-101 -0.5 0.5)
(-100 -0.5 0.5)
(-99 -0.5 0.5)
(-98 -0.5 0.5)
(-97 -0.5 0.5)
(-96 -0.5 0.5)
(-95 -0.5 0.5)
(-94 -0.5 0.5)
(-93 -0.5 0.5)
(-92 -0.5 0.5)
(-91 -0.5 0.5)
(-90 -0.5 0.5)
(-89 -0.5 0.5)
(-88 -0.5 0.5)
(-87 -0.5 0.5)
(-86 -0.5 0.5)
(-85 -0.5 0.5)
(-84 -0.5 0.5)
(-83 -0.5 0.5)
(-82 -0.5 0.5)
(-81 -0.5 0.5)
(-80 -0.5 0.5)
(-79 -0.5 0.5)
(-78 -0.5 0.5)
(-77 -0.5 0.5)
(-76 -0.5 0.5)
(-75 -0.5 0.5)
(-74 -0.5 0.5)
(-73 -0.5 0.5)
(-72 -0.5 0.5)
(-71 -0.5 0.5)
(-70 -0.5 0.5)
(-69 -0.5 0.5)
(-68 -0.5 0.5)
(-67 -0.5 0.5)
(-66 -0.5 0.5)
(-65 -0.5 0.5)
(-64 -0.5 0.5)
(-63 -0.5 0.5)
(-62 -0.5 0.5)
(-61 -0.5 0.5)
(-60 -0.5 0.5)
(-59 -0.5 0.5)
(-58 -0.5 0.5)
(-57 -0.5 0.5)
(-56 -0.5 0.5)
(-55 -0.5 0.5)
(-54 -0.5 0.5)
(-53 -0.5 0.5)
(-52 -0.5 0.5)
(-51 -0.5 0.5)
(-50 -0.5 0.5)
(-49 -0.5 0.5)
(-48 -0.5 0.5)
(-47 -0.5 0.5)
(-46 -0.5 0.5)
(-45 -0.5 0.5)
(-44 -0.5 0.5)
(-43 -0.5 0.5)
(-42 -0.5 0.5)
(-41 -0.5 0.5)
(-40 -0.5 0.5)
(-39 -0.5 0.5)
(-38 -0.5 0.5)
(-37 -0.5 0.5)
(-36 -0.5 0.5)
(-35 -0.5 0.5)
(-34 -0.5 0.5)
(-33 -0.5 0.5)
(-32 -0.5 0.5)
(-31 -0.5 0.5)
(-30 -0.5 0.5)
(-29 -0.5 0.5)
(-28 -0.5 0.5)
(-27 -0.5 0.5)
(-26 -0.5 0.5)
(-25 -0.5 0.5)
(-24 -0.5 0.5)
(-23 -0.5 0.5)
(-22 -0.5 0.5)
(-21 -0.5 0.5)
(-20 -0.5 0.5)
(-19 -0.5 0.5)
(-18 -0.5 0.5)
(-17 -0.5 0.5)
(-16 -0.5 0.5)
(-15 -0.5 0.5)
(-14 -0.5 0.5)
(-13 -0.5 0.5)
(-12 -0.5 0.5)
(-11 -0.5 0.5)
(-10 -0.5 0.5)
(-9 -0.5 0.5)
(-8 -0.5 0.5)
(-7 -0.5 0.5)
(-6 -0.5 0.5)
(-5 -0.5 0.5)
(-4 -0.5 0.5)
(-3 -0.5 0.5)
(-2 -0.5 0.5)
(-1 -0.5 0.5)
(0 -0.5 0.5)
(1 -0.5 0.5)
(2 -0.5 0.5)
(3 -0.5 0.5)
(4 -0.5 0.5)
(5 -0.5 0.5)
(6 -0.5 0.5)
(7 -0.5 0.5)
(8 -0.5 0.5)
(9 -0.5 0.5)
(10 -0.5 0.5)
(11 -0.5 0.5)
(12 -0.5 0.5)
(13 -0.5 0.5)
(14 -0.5 0.5)
(15 -0.5 0.5)
(16 -0.5 0.5)
(17 -0.5 0.5)
(18 -0.5 0.5)
(19 -0.5 0.5)
(20 -0.5 0.5)
(21 -0.5 0.5)
(22 -0.5 0.5)
(23 -0.5 0.5)
(24 -0.5 0.5)
(25 -0.5 0.5)
(26 -0.5 0.5)
(27 -0.5 0.5)
(28 -0.5 0.5)
(29 -0.5 0.5)
(30 -0.5 0.5)
(31 -0.5 0.5)
(32 -0.5 0.5)
(33 -0.5 0.5)
(34 -0.5 0.5)
(35 -0.5 0.5)
(36 -0.5 0.5)
(37 -0.5 0.5)
(38 -0.5 0.5)
(39 -0.5 0.5)
(40 -0.5 0.5)
(41 -0.5 0.5)
(42 -0.5 0.5)
(43 -0.5 0.5)
(44 -0.5 0.5)
(45 -0.5 0.5)
(46 -0.5 0.5)
(47 -0.5 0.5)
(48 -0.5 0.5)
(49 -0.5 0.5)
(50 -0.5 0.5)
(51 -0.5 0.5)
(52 -0.5 0.5)
(53 -0.5 0.5)
(54 -0.5 0.5)
(55 -0.5 0.5)
(56 -0.5 0.5)
(57 -0.5 0.5)
(58 -0.5 0.5)
(59 -0.5 0.5)
(60 -0.5 0.5)
(61 -0.5 0.5)
(62 -0.5 0.5)
(63 -0.5 0.5)
(64 -0.5 0.5)
(65 -0.5 0.5)
(66 -0.5 0.5)
(67 -0.5 0.5)
(68 -0.5 0.5)
(69 -0.5 0.5)
(70 -0.5 0.5)
(71 -0.5 0.5)
(72 -0.5 0.5)
(73 -0.5 0.5)
(74 -0.5 0.5)
(75 -0.5 0.5)
(76 -0.5 0.5)
(77 -0.5 0.5)
(78 -0.5 0.5)
(79 -0.5 0.5)
(80 -0.5 0.5)
(81 -0.5 0.5)
(82 -0.5 0.5)
(83 -0.5 0.5)
(84 -0.5 0.5)
(85 -0.5 0.5)
(86 -0.5 0.5)
(87 -0.5 0.5)
(88 -0.5 0.5)
(89 -0.5 0.5)
(90 -0.5 0.5)
(91 -0.5 0.5)
(92 -0.5 0.5)
(93 -0.5 0.5)
(94 -0.5 0.5)
(95 -0.5 0.5)
(96 -0.5 0.5)
(97 -0.5 0.5)
(98 -0.5 0.5)
(99 -0.5 0.5)
(100 -0.5 0.5)
(101 -0.5 0.5)
(102 -0.5 0.5)
(103 -0.5 0.5)
(104 -0.5 0.5)
(105 -0.5 0.5)
(106 -0.5 0.5)
(107 -0.5 0.5)
(108 -0.5 0.5)
(109 -0.5 0.5)
(110 -0.5 0.5)
(111 -0.5 0.5)
(112 -0.5 0.5)
(113 -0.5 0.5)
(114 -0.5 0.5)
(115 -0.5 0.5)
(116 -0.5 0.5)
(117 -0.5 0.5)
(118 -0.5 0.5)
(119 -0.5 0.5)
(120 -0.5 0.5)
(121 -0.5 0.5)
(122 -0.5 0.5)
(123 -0.5 0.5)
(124 -0.5 0.5)
(125 -0.5 0.5)
(126 -0.5 0.5)
(127 -0.5 0.5)
(128 -0.5 0.5)
(129 -0.5 0.5)
(130 -0.5 0.5)
(131 -0.5 0.5)
(132 -0.5 0.5)
(133 -0.5 0.5)
(134 -0.5 0.5)
(135 -0.5 0.5)
(136 -0.5 0.5)
(137 -0.5 0.5)
(138 -0.5 0.5)
(139 -0.5 0.5)
(140 -0.5 0.5)
(141 -0.5 0.5)
(142 -0.5 0.5)
(143 -0.5 0.5)
(144 -0.5 0.5)
(145 -0.5 0.5)
(146 -0.5 0.5)
(147 -0.5 0.5)
(148 -0.5 0.5)
(149 -0.5 0.5)
(150 -0.5 0.5)
(151 -0.5 0.5)
(152 -0.5 0.5)
(153 -0.5 0.5)
(154 -0.5 0.5)
(155 -0.5 0.5)
(156 -0.5 0.5)
(157 -0.5 0.5)
(158 -0.5 0.5)
(159 -0.5 0.5)
(160 -0.5 0.5)
(161 -0.5 0.5)
(162 -0.5 0.5)
(163 -0.5 0.5)
(164 -0.5 0.5)
(165 -0.5 0.5)
(166 -0.5 0.5)
(167 -0.5 0.5)
(168 -0.5 0.5)
(169 -0.5 0.5)
(170 -0.5 0.5)
(171 -0.5 0.5)
(172 -0.5 0.5)
(173 -0.5 0.5)
(174 -0.5 0.5)
(175 -0.5 0.5)
(176 -0.5 0.5)
(177 -0.5 0.5)
(178 -0.5 0.5)
(179 -0.5 0.5)
(180 -0.5 0.5)
(181 -0.5 0.5)
(182 -0.5 0.5)
(183 -0.5 0.5)
(184 -0.5 0.5)
(185 -0.5 0.5)
(186 -0.5 0.5)
(187 -0.5 0.5)
(188 -0.5 0.5)
(189 -0.5 0.5)
(190 -0.5 0.5)
(191 -0.5 0.5)
(192 -0.5 0.5)
(193 -0.5 0.5)
(194 -0.5 0.5)
(195 -0.5 0.5)
(196 -0.5 0.5)
(197 -0.5 0.5)
(198 -0.5 0.5)
(199 -0.5 0.5)
(200 -0.5 0.5)
(201 -0.5 0.5)
(202 -0.5 0.5)
(203 -0.5 0.5)
(204 -0.5 0.5)
(205 -0.5 0.5)
(206 -0.5 0.5)
(207 -0.5 0.5)
(208 -0.5 0.5)
(209 -0.5 0.5)
(210 -0.5 0.5)
(211 -0.5 0.5)
(212 -0.5 0.5)
(213 -0.5 0.5)
(214 -0.5 0.5)
(215 -0.5 0.5)
(216 -0.5 0.5)
(217 -0.5 0.5)
(218 -0.5 0.5)
(219 -0.5 0.5)
(220 -0.5 0.5)
(221 -0.5 0.5)
(222 -0.5 0.5)
(223 -0.5 0.5)
(224 -0.5 0.5)
(225 -0.5 0.5)
(226 -0.5 0.5)
(227 -0.5 0.5)
(228 -0.5 0.5)
(229 -0.5 0.5)
(230 -0.5 0.5)
(231 -0.5 0.5)
(232 -0.5 0.5)
(233 -0.5 0.5)
(234 -0.5 0.5)
(235 -0.5 0.5)
(236 -0.5 0.5)
(237 -0.5 0.5)
(238 -0.5 0.5)
(239 -0.5 0.5)
(240 -0.5 0.5)
(241 -0.5 0.5)
(242 -0.5 0.5)
(243 -0.5 0.5)
(244 -0.5 0.5)
(245 -0.5 0.5)
(246 -0.5 0.5)
(247 -0.5 0.5)
(248 -0.5 0.5)
(249 -0.5 0.5)
(250 -0.5 0.5)
(-150 0.5 0.5)
(-149 0.5 0.5)
(-148 0.5 0.5)
(-147 0.5 0.5)
(-146 0.5 0.5)
(-145 0.5 0.5)
(-144 0.5 0.5)
(-143 0.5 0.5)
(-142 0.5 0.5)
(-141 0.5 0.5)
(-140 0.5 0.5)
(-139 0.5 0.5)
(-138 0.5 0.5)
(-137 0.5 0.5)
(-136 0.5 0.5)
(-135 0.5 0.5)
(-134 0.5 0.5)
(-133 0.5 0.5)
(-132 0.5 0.5)
(-131 0.5 0.5)
(-130 0.5 0.5)
(-129 0.5 0.5)
(-128 0.5 0.5)
(-127 0.5 0.5)
(-126 0.5 0.5)
(-125 0.5 0.5)
(-124 0.5 0.5)
(-123 0.5 0.5)
(-122 0.5 0.5)
(-121 0.5 0.5)
(-120 0.5 0.5)
(-119 0.5 0.5)
(-118 0.5 0.5)
(-117 0.5 0.5)
(-116 0.5 0.5)
(-115 0.5 0.5)
(-114 0.5 0.5)
(-113 0.5 0.5)
(-112 0.5 0.5)
(-111 0.5 0.5)
(-110 0.5 0.5)
(-109 0.5 0.5)
(-108 0.5 0.5)
(-107 0.5 0.5)
(-106 0.5 0.5)
(-105 0.5 0.5)
(-104 0.5 0.5)
(-103 0.5 0.5)
(-102 0.5 0.5)
(-101 0.5 0.5)
(-100 0.5 0.5)
(-99 0.5 0.5)
(-98 0.5 0.5)
(-97 0.5 0.5)
(-96 0.5 0.5)
(-95 0.5 0.5)
(-94 0.5 0.5)
(-93 0.5 0.5)
(-92 0.5 0.5)
(-91 0.5 0.5)
(-90 0.5 0.5)
(-89 0.5 0.5)
(-88 0.5 0.5)
(-87 0.5 0.5)
(-86 0.5 0.5)
(-85 0.5 0.5)
(-84 0.5 0.5)
(-83 0.5 0.5)
(-82 0.5 0.5)
(-81 0.5 0.5)
(-80 0.5 0.5)
(-79 0.5 0.5)
(-78 0.5 0.5)
(-77 0.5 0.5)
(-76 0.5 0.5)
(-75 0.5 0.5)
(-74 0.5 0.5)
(-73 0.5 0.5)
(-72 0.5 0.5)
(-71 0.5 0.5)
(-70 0.5 0.5)
(-69 0.5 0.5)
(-68 0.5 0.5)
(-67 0.5 0.5)
(-66 0.5 0.5)
(-65 0.5 0.5)
(-64 0.5 0.5)
(-63 0.5 0.5)
(-62 0.5 0.5)
(-61 0.5 0.5)
(-60 0.5 0.5)
(-59 0.5 0.5)
(-58 0.5 0.5)
(-57 0.5 0.5)
(-56 0.5 0.5)
(-55 0.5 0.5)
(-54 0.5 0.5)
(-53 0.5 0.5)
(-52 0.5 0.5)
(-51 0.5 0.5)
(-50 0.5 0.5)
(-49 0.5 0.5)
(-48 0.5 0.5)
(-47 0.5 0.5)
(-46 0.5 0.5)
(-45 0.5 0.5)
(-44 0.5 0.5)
(-43 0.5 0.5)
(-42 0.5 0.5)
(-41 0.5 0.5)
(-40 0.5 0.5)
(-39 0.5 0.5)
(-38 0.5 0.5)
(-37 0.5 0.5)
(-36 0.5 0.5)
(-35 0.5 0.5)
(-34 0.5 0.5)
(-33 0.5 0.5)
(-32 0.5 0.5)
(-31 0.5 0.5)
(-30 0.5 0.5)
(-29 0.5 0.5)
(-28 0.5 0.5)
(-27 0.5 0.5)
(-26 0.5 0.5)
(-25 0.5 0.5)
(-24 0.5 0.5)
(-23 0.5 0.5)
(-22 0.5 0.5)
(-21 0.5 0.5)
(-20 0.5 0.5)
(-19 0.5 0.5)
(-18 0.5 0.5)
(-17 0.5 0.5)
(-16 0.5 0.5)
(-15 0.5 0.5)
(-14 0.5 0.5)
(-13 0.5 0.5)
(-12 0.5 0.5)
(-11 0.5 0.5)
(-10 0.5 0.5)
(-9 0.5 0.5)
(-8 0.5 0.5)
(-7 0.5 0.5)
(-6 0.5 0.5)
(-5 0.5 0.5)
(-4 0.5 0.5)
(-3 0.5 0.5)
(-2 0.5 0.5)
(-1 0.5 0.5)
(0 0.5 0.5)
(1 0.5 0.5)
(2 0.5 0.5)
(3 0.5 0.5)
(4 0.5 0.5)
(5 0.5 0.5)
(6 0.5 0.5)
(7 0.5 0.5)
(8 0.5 0.5)
(9 0.5 0.5)
(10 0.5 0.5)
(11 0.5 0.5)
(12 0.5 0.5)
(13 0.5 0.5)
(14 0.5 0.5)
(15 0.5 0.5)
(16 0.5 0.5)
(17 0.5 0.5)
(18 0.5 0.5)
(19 0.5 0.5)
(20 0.5 0.5)
(21 0.5 0.5)
(22 0.5 0.5)
(23 0.5 0.5)
(24 0.5 0.5)
(25 0.5 0.5)
(26 0.5 0.5)
(27 0.5 0.5)
(28 0.5 0.5)
(29 0.5 0.5)
(30 0.5 0.5)
(31 0.5 0.5)
(32 0.5 0.5)
(33 0.5 0.5)
(34 0.5 0.5)
(35 0.5 0.5)
(36 0.5 0.5)
(37 0.5 0.5)
(38 0.5 0.5)
(39 0.5 0.5)
(40 0.5 0.5)
(41 0.5 0.5)
(42 0.5 0.5)
(43 0.5 0.5)
(44 0.5 0.5)
(45 0.5 0.5)
(46 0.5 0.5)
(47 0.5 0.5)
(48 0.5 0.5)
(49 0.5 0.5)
(50 0.5 0.5)
(51 0.5 0.5)
(52 0.5 0.5)
(53 0.5 0.5)
(54 0.5 0.5)
(55 0.5 0.5)
(56 0.5 0.5)
(57 0.5 0.5)
(58 0.5 0.5)
(59 0.5 0.5)
(60 0.5 0.5)
(61 0.5 0.5)
(62 0.5 0.5)
(63 0.5 0.5)
(64 0.5 0.5)
(65 0.5 0.5)
(66 0.5 0.5)
(67 0.5 0.5)
(68 0.5 0.5)
(69 0.5 0.5)
(70 0.5 0.5)
(71 0.5 0.5)
(72 0.5 0.5)
(73 0.5 0.5)
(74 0.5 0.5)
(75 0.5 0.5)
(76 0.5 0.5)
(77 0.5 0.5)
(78 0.5 0.5)
(79 0.5 0.5)
(80 0.5 0.5)
(81 0.5 0.5)
(82 0.5 0.5)
(83 0.5 0.5)
(84 0.5 0.5)
(85 0.5 0.5)
(86 0.5 0.5)
(87 0.5 0.5)
(88 0.5 0.5)
(89 0.5 0.5)
(90 0.5 0.5)
(91 0.5 0.5)
(92 0.5 0.5)
(93 0.5 0.5)
(94 0.5 0.5)
(95 0.5 0.5)
(96 0.5 0.5)
(97 0.5 0.5)
(98 0.5 0.5)
(99 0.5 0.5)
(100 0.5 0.5)
(101 0.5 0.5)
(102 0.5 0.5)
(103 0.5 0.5)
(104 0.5 0.5)
(105 0.5 0.5)
(106 0.5 0.5)
(107 0.5 0.5)
(108 0.5 0.5)
(109 0.5 0.5)
(110 0.5 0.5)
(111 0.5 0.5)
(112 0.5 0.5)
(113 0.5 0.5)
(114 0.5 0.5)
(115 0.5 0.5)
(116 0.5 0.5)
(117 0.5 0.5)
(118 0.5 0.5)
(119 0.5 0.5)
(120 0.5 0.5)
(121 0.5 0.5)
(122 0.5 0.5)
(123 0.5 0.5)
(124 0.5 0.5)
(125 0.5 0.5)
(126 0.5 0.5)
(127 0.5 0.5)
(128 0.5 0.5)
(129 0.5 0.5)
(130 0.5 0.5)
(131 0.5 0.5)
(132 0.5 0.5)
(133 0.5 0.5)
(134 0.5 0.5)
(135 0.5 0.5)
(136 0.5 0.5)
(137 0.5 0.5)
(138 0.5 0.5)
(139 0.5 0.5)
(140 0.5 0.5)
(141 0.5 0.5)
(142 0.5 0.5)
(143 0.5 0.5)
(144 0.5 0.5)
(145 0.5 0.5)
(146 0.5 0.5)
(147 0.5 0.5)
(148 0.5 0.5)
(149 0.5 0.5)
(150 0.5 0.5)
(151 0.5 0.5)
(152 0.5 0.5)
(153 0.5 0.5)
(154 0.5 0.5)
(155 0.5 0.5)
(156 0.5 0.5)
(157 0.5 0.5)
(158 0.5 0.5)
(159 0.5 0.5)
(160 0.5 0.5)
(161 0.5 0.5)
(162 0.5 0.5)
(163 0.5 0.5)
(164 0.5 0.5)
(165 0.5 0.5)
(166 0.5 0.5)
(167 0.5 0.5)
(168 0.5 0.5)
(169 0.5 0.5)
(170 0.5 0.5)
(171 0.5 0.5)
(172 0.5 0.5)
(173 0.5 0.5)
(174 0.5 0.5)
(175 0.5 0.5)
(176 0.5 0.5)
(177 0.5 0.5)
(178 0.5 0.5)
(179 0.5 0.5)
(180 0.5 0.5)
(181 0.5 0.5)
(182 0.5 0.5)
(183 0.5 0.5)
(184 0.5 0.5)
(185 0.5 0.5)
(186 0.5 0.5)
(187 0.5 0.5)
(188 0.5 0.5)
(189 0.5 0.5)
(190 0.5 0.5)
(191 0.5 0.5)
(192 0.5 0.5)
(193 0.5 0.5)
(194 0.5 0.5)
(195 0.5 0.5)
(196 0.5 0.5)
(197 0.5 0.5)
(198 0.5 0.5)
(199 0.5 0.5)
(200 0.5 0.5)
(201 0.5 0.5)
(202 0.5 0.5)
(203 0.5 0.5)
(204 0.5 0.5)
(205 0.5 0.5)
(206 0.5 0.5)
(207 0.5 0.5)
(208 0.5 0.5)
(209 0.5 0.5)
(210 0.5 0.5)
(211 0.5 0.5)
(212 0.5 0.5)
(213 0.5 0.5)
(214 0.5 0.5)
(215 0.5 0.5)
(216 0.5 0.5)
(217 0.5 0.5)
(218 0.5 0.5)
(219 0.5 0.5)
(220 0.5 0.5)
(221 0.5 0.5)
(222 0.5 0.5)
(223 0.5 0.5)
(224 0.5 0.5)
(225 0.5 0.5)
(226 0.5 0.5)
(227 0.5 0.5)
(228 0.5 0.5)
(229 0.5 0.5)
(230 0.5 0.5)
(231 0.5 0.5)
(232 0.5 0.5)
(233 0.5 0.5)
(234 0.5 0.5)
(235 0.5 0.5)
(236 0.5 0.5)
(237 0.5 0.5)
(238 0.5 0.5)
(239 0.5 0.5)
(240 0.5 0.5)
(241 0.5 0.5)
(242 0.5 0.5)
(243 0.5 0.5)
(244 0.5 0.5)
(245 0.5 0.5)
(246 0.5 0.5)
(247 0.5 0.5)
(248 0.5 0.5)
(249 0.5 0.5)
(250 0.5 0.5)
(-5 -0.5 -0.5)
(-4.9 -0.5 -0.5)
(-4.8 -0.5 -0.5)
(-4.7 -0.5 -0.5)
(-4.6 -0.5 -0.5)
(-4.5 -0.5 -0.5)
(-4.4 -0.5 -0.5)
(-4.3 -0.5 -0.5)
(-4.2 -0.5 -0.5)
(-4.1 -0.5 -0.5)
(-4 -0.5 -0.5)
(-3.9 -0.5 -0.5)
(-3.8 -0.5 -0.5)
(-3.7 -0.5 -0.5)
(-3.6 -0.5 -0.5)
(-3.5 -0.5 -0.5)
(-3.4 -0.5 -0.5)
(-3.3 -0.5 -0.5)
(-3.2 -0.5 -0.5)
(-3.1 -0.5 -0.5)
(-3 -0.5 -0.5)
(-2.9 -0.5 -0.5)
(-2.8 -0.5 -0.5)
(-2.7 -0.5 -0.5)
(-2.6 -0.5 -0.5)
(-2.5 -0.5 -0.5)
(-2.4 -0.5 -0.5)
(-2.3 -0.5 -0.5)
(-2.2 -0.5 -0.5)
(-2.1 -0.5 -0.5)
(-2 -0.5 -0.5)
(-1.90110480832 -0.5 -0.5)
(-1.80730830016 -0.5 -0.5)
(-1.71834760558 -0.5 -0.5)
(-1.63397340728 -0.5 -0.5)
(-1.55394924185 -0.5 -0.5)
(-1.47805083711 -0.5 -0.5)
(-1.40606548354 -0.5 -0.5)
(-1.33779143818 -0.5 -0.5)
(-1.27303735921 -0.5 -0.5)
(-1.2116217697 -0.5 -0.5)
(-1.15337254904 -0.5 -0.5)
(-1.09812645055 -0.5 -0.5)
(-1.04572864395 -0.5 -0.5)
(-0.996032281453 -0.5 -0.5)
(-0.948898086246 -0.5 -0.5)
(-0.904193962114 -0.5 -0.5)
(-0.861794623254 -0.5 -0.5)
(-0.821581243154 -0.5 -0.5)
(-0.783441121573 -0.5 -0.5)
(-0.747267368694 -0.5 -0.5)
(-0.712958605556 -0.5 -0.5)
(-0.680418679936 -0.5 -0.5)
(-0.649556396878 -0.5 -0.5)
(-0.620285263112 -0.5 -0.5)
(-0.592523244653 -0.5 -0.5)
(-0.566192536896 -0.5 -0.5)
(-0.541219346563 -0.5 -0.5)
(-0.517533684896 -0.5 -0.5)
(-0.495069171506 -0.5 -0.5)
(-0.473762848342 -0.5 -0.5)
(-0.453555003244 -0.5 -0.5)
(-0.4343890026 -0.5 -0.5)
(-0.416211132623 -0.5 -0.5)
(-0.398970448819 -0.5 -0.5)
(-0.38261863321 -0.5 -0.5)
(-0.36710985892 -0.5 -0.5)
(-0.352400661745 -0.5 -0.5)
(-0.338449818338 -0.5 -0.5)
(-0.325218230684 -0.5 -0.5)
(-0.312668816519 -0.5 -0.5)
(-0.300766405411 -0.5 -0.5)
(-0.289477640187 -0.5 -0.5)
(-0.278770883455 -0.5 -0.5)
(-0.268616128931 -0.5 -0.5)
(-0.258984917349 -0.5 -0.5)
(-0.249850256702 -0.5 -0.5)
(-0.241186546593 -0.5 -0.5)
(-0.232969506491 -0.5 -0.5)
(-0.225176107684 -0.5 -0.5)
(-0.217784508737 -0.5 -0.5)
(-0.21077399428 -0.5 -0.5)
(-0.204124916957 -0.5 -0.5)
(-0.197818642356 -0.5 -0.5)
(-0.191837496793 -0.5 -0.5)
(-0.186164717773 -0.5 -0.5)
(-0.180784407015 -0.5 -0.5)
(-0.1756814859 -0.5 -0.5)
(-0.170841653206 -0.5 -0.5)
(-0.166251345032 -0.5 -0.5)
(-0.161897696783 -0.5 -0.5)
(-0.157768507117 -0.5 -0.5)
(-0.15385220375 -0.5 -0.5)
(-0.150137811023 -0.5 -0.5)
(-0.146614919144 -0.5 -0.5)
(-0.143273655011 -0.5 -0.5)
(-0.140104654545 -0.5 -0.5)
(-0.137099036446 -0.5 -0.5)
(-0.134248377302 -0.5 -0.5)
(-0.13154468798 -0.5 -0.5)
(-0.128980391241 -0.5 -0.5)
(-0.126548300501 -0.5 -0.5)
(-0.124241599689 -0.5 -0.5)
(-0.122053824147 -0.5 -0.5)
(-0.119978842513 -0.5 -0.5)
(-0.118010839535 -0.5 -0.5)
(-0.116144299775 -0.5 -0.5)
(-0.11437399215 -0.5 -0.5)
(-0.112694955276 -0.5 -0.5)
(-0.111102483557 -0.5 -0.5)
(-0.109592114003 -0.5 -0.5)
(-0.108159613719 -0.5 -0.5)
(-0.106800968043 -0.5 -0.5)
(-0.105512369294 -0.5 -0.5)
(-0.104290206103 -0.5 -0.5)
(-0.103131053289 -0.5 -0.5)
(-0.102031662262 -0.5 -0.5)
(-0.100988951917 -0.5 -0.5)
(-0.1 -0.5 -0.5)
(-0.099 -0.5 -0.5)
(-0.098 -0.5 -0.5)
(-0.097 -0.5 -0.5)
(-0.096 -0.5 -0.5)
(-0.095 -0.5 -0.5)
(-0.094 -0.5 -0.5)
(-0.093 -0.5 -0.5)
(-0.092 -0.5 -0.5)
(-0.091 -0.5 -0.5)
(-0.09 -0.5 -0.5)
(-0.089 -0.5 -0.5)
(-0.088 -0.5 -0.5)
(-0.087 -0.5 -0.5)
(-0.086 -0.5 -0.5)
(-0.085 -0.5 -0.5)
(-0.084 -0.5 -0.5)
(-0.083 -0.5 -0.5)
(-0.082 -0.5 -0.5)
(-0.081 -0.5 -0.5)
(-0.08 -0.5 -0.5)
(-0.079 -0.5 -0.5)
(-0.078 -0.5 -0.5)
(-0.077 -0.5 -0.5)
(-0.076 -0.5 -0.5)
(-0.075 -0.5 -0.5)
(-0.074 -0.5 -0.5)
(-0.073 -0.5 -0.5)
(-0.072 -0.5 -0.5)
(-0.071 -0.5 -0.5)
(-0.07 -0.5 -0.5)
(-0.069 -0.5 -0.5)
(-0.068 -0.5 -0.5)
(-0.067 -0.5 -0.5)
(-0.066 -0.5 -0.5)
(-0.065 -0.5 -0.5)
(-0.064 -0.5 -0.5)
(-0.063 -0.5 -0.5)
(-0.062 -0.5 -0.5)
(-0.061 -0.5 -0.5)
(-0.06 -0.5 -0.5)
(-0.059 -0.5 -0.5)
(-0.058 -0.5 -0.5)
(-0.057 -0.5 -0.5)
(-0.056 -0.5 -0.5)
(-0.055 -0.5 -0.5)
(-0.054 -0.5 -0.5)
(-0.053 -0.5 -0.5)
(-0.052 -0.5 -0.5)
(-0.051 -0.5 -0.5)
(-0.05 -0.5 -0.5)
(-0.049 -0.5 -0.5)
(-0.048 -0.5 -0.5)
(-0.047 -0.5 -0.5)
(-0.046 -0.5 -0.5)
(-0.045 -0.5 -0.5)
(-0.044 -0.5 -0.5)
(-0.043 -0.5 -0.5)
(-0.042 -0.5 -0.5)
(-0.041 -0.5 -0.5)
(-0.04 -0.5 -0.5)
(-0.039 -0.5 -0.5)
(-0.038 -0.5 -0.5)
(-0.037 -0.5 -0.5)
(-0.036 -0.5 -0.5)
(-0.035 -0.5 -0.5)
(-0.034 -0.5 -0.5)
(-0.033 -0.5 -0.5)
(-0.032 -0.5 -0.5)
(-0.031 -0.5 -0.5)
(-0.03 -0.5 -0.5)
(-0.029 -0.5 -0.5)
(-0.028 -0.5 -0.5)
(-0.027 -0.5 -0.5)
(-0.026 -0.5 -0.5)
(-0.025 -0.5 -0.5)
(-0.024 -0.5 -0.5)
(-0.023 -0.5 -0.5)
(-0.022 -0.5 -0.5)
(-0.021 -0.5 -0.5)
(-0.02 -0.5 -0.5)
(-0.019 -0.5 -0.5)
(-0.018 -0.5 -0.5)
(-0.017 -0.5 -0.5)
(-0.016 -0.5 -0.5)
(-0.015 -0.5 -0.5)
(-0.014 -0.5 -0.5)
(-0.013 -0.5 -0.5)
(-0.012 -0.5 -0.5)
(-0.011 -0.5 -0.5)
(-0.01 -0.5 -0.5)
(-0.009 -0.5 -0.5)
(-0.008 -0.5 -0.5)
(-0.007 -0.5 -0.5)
(-0.006 -0.5 -0.5)
(-0.005 -0.5 -0.5)
(-0.004 -0.5 -0.5)
(-0.003 -0.5 -0.5)
(-0.002 -0.5 -0.5)
(-0.000999999999999 -0.5 -0.5)
(0 -0.5 -0.5)
(0.000999999999999 -0.5 -0.5)
(0.002 -0.5 -0.5)
(0.003 -0.5 -0.5)
(0.004 -0.5 -0.5)
(0.005 -0.5 -0.5)
(0.006 -0.5 -0.5)
(0.007 -0.5 -0.5)
(0.008 -0.5 -0.5)
(0.009 -0.5 -0.5)
(0.01 -0.5 -0.5)
(0.011 -0.5 -0.5)
(0.012 -0.5 -0.5)
(0.013 -0.5 -0.5)
(0.014 -0.5 -0.5)
(0.015 -0.5 -0.5)
(0.016 -0.5 -0.5)
(0.017 -0.5 -0.5)
(0.018 -0.5 -0.5)
(0.019 -0.5 -0.5)
(0.02 -0.5 -0.5)
(0.021 -0.5 -0.5)
(0.022 -0.5 -0.5)
(0.023 -0.5 -0.5)
(0.024 -0.5 -0.5)
(0.025 -0.5 -0.5)
(0.026 -0.5 -0.5)
(0.027 -0.5 -0.5)
(0.028 -0.5 -0.5)
(0.029 -0.5 -0.5)
(0.03 -0.5 -0.5)
(0.031 -0.5 -0.5)
(0.032 -0.5 -0.5)
(0.033 -0.5 -0.5)
(0.034 -0.5 -0.5)
(0.035 -0.5 -0.5)
(0.036 -0.5 -0.5)
(0.037 -0.5 -0.5)
(0.038 -0.5 -0.5)
(0.039 -0.5 -0.5)
(0.04 -0.5 -0.5)
(0.041 -0.5 -0.5)
(0.042 -0.5 -0.5)
(0.043 -0.5 -0.5)
(0.044 -0.5 -0.5)
(0.045 -0.5 -0.5)
(0.046 -0.5 -0.5)
(0.047 -0.5 -0.5)
(0.048 -0.5 -0.5)
(0.049 -0.5 -0.5)
(0.05 -0.5 -0.5)
(0.051 -0.5 -0.5)
(0.052 -0.5 -0.5)
(0.053 -0.5 -0.5)
(0.054 -0.5 -0.5)
(0.055 -0.5 -0.5)
(0.056 -0.5 -0.5)
(0.057 -0.5 -0.5)
(0.058 -0.5 -0.5)
(0.059 -0.5 -0.5)
(0.06 -0.5 -0.5)
(0.061 -0.5 -0.5)
(0.062 -0.5 -0.5)
(0.063 -0.5 -0.5)
(0.064 -0.5 -0.5)
(0.065 -0.5 -0.5)
(0.066 -0.5 -0.5)
(0.067 -0.5 -0.5)
(0.068 -0.5 -0.5)
(0.069 -0.5 -0.5)
(0.07 -0.5 -0.5)
(0.071 -0.5 -0.5)
(0.072 -0.5 -0.5)
(0.073 -0.5 -0.5)
(0.074 -0.5 -0.5)
(0.075 -0.5 -0.5)
(0.076 -0.5 -0.5)
(0.077 -0.5 -0.5)
(0.078 -0.5 -0.5)
(0.079 -0.5 -0.5)
(0.08 -0.5 -0.5)
(0.081 -0.5 -0.5)
(0.082 -0.5 -0.5)
(0.083 -0.5 -0.5)
(0.084 -0.5 -0.5)
(0.085 -0.5 -0.5)
(0.086 -0.5 -0.5)
(0.087 -0.5 -0.5)
(0.088 -0.5 -0.5)
(0.089 -0.5 -0.5)
(0.09 -0.5 -0.5)
(0.091 -0.5 -0.5)
(0.092 -0.5 -0.5)
(0.093 -0.5 -0.5)
(0.094 -0.5 -0.5)
(0.095 -0.5 -0.5)
(0.096 -0.5 -0.5)
(0.097 -0.5 -0.5)
(0.098 -0.5 -0.5)
(0.099 -0.5 -0.5)
(0.1 -0.5 -0.5)
(0.100988951917 -0.5 -0.5)
(0.102031662262 -0.5 -0.5)
(0.103131053289 -0.5 -0.5)
(0.104290206103 -0.5 -0.5)
(0.105512369294 -0.5 -0.5)
(0.106800968043 -0.5 -0.5)
(0.108159613719 -0.5 -0.5)
(0.109592114003 -0.5 -0.5)
(0.111102483557 -0.5 -0.5)
(0.112694955276 -0.5 -0.5)
(0.11437399215 -0.5 -0.5)
(0.116144299775 -0.5 -0.5)
(0.118010839535 -0.5 -0.5)
(0.119978842513 -0.5 -0.5)
(0.122053824147 -0.5 -0.5)
(0.124241599689 -0.5 -0.5)
(0.126548300501 -0.5 -0.5)
(0.128980391241 -0.5 -0.5)
(0.13154468798 -0.5 -0.5)
(0.134248377302 -0.5 -0.5)
(0.137099036446 -0.5 -0.5)
(0.140104654545 -0.5 -0.5)
(0.143273655011 -0.5 -0.5)
(0.146614919144 -0.5 -0.5)
(0.150137811023 -0.5 -0.5)
(0.15385220375 -0.5 -0.5)
(0.157768507117 -0.5 -0.5)
(0.161897696783 -0.5 -0.5)
(0.166251345032 -0.5 -0.5)
(0.170841653206 -0.5 -0.5)
(0.1756814859 -0.5 -0.5)
(0.180784407015 -0.5 -0.5)
(0.186164717773 -0.5 -0.5)
(0.191837496793 -0.5 -0.5)
(0.197818642356 -0.5 -0.5)
(0.204124916957 -0.5 -0.5)
(0.21077399428 -0.5 -0.5)
(0.217784508737 -0.5 -0.5)
(0.225176107684 -0.5 -0.5)
(0.232969506491 -0.5 -0.5)
(0.241186546593 -0.5 -0.5)
(0.249850256702 -0.5 -0.5)
(0.258984917349 -0.5 -0.5)
(0.268616128931 -0.5 -0.5)
(0.278770883455 -0.5 -0.5)
(0.289477640187 -0.5 -0.5)
(0.300766405411 -0.5 -0.5)
(0.312668816519 -0.5 -0.5)
(0.325218230684 -0.5 -0.5)
(0.338449818338 -0.5 -0.5)
(0.352400661745 -0.5 -0.5)
(0.36710985892 -0.5 -0.5)
(0.38261863321 -0.5 -0.5)
(0.398970448819 -0.5 -0.5)
(0.416211132623 -0.5 -0.5)
(0.4343890026 -0.5 -0.5)
(0.453555003244 -0.5 -0.5)
(0.473762848342 -0.5 -0.5)
(0.495069171506 -0.5 -0.5)
(0.517533684896 -0.5 -0.5)
(0.541219346563 -0.5 -0.5)
(0.566192536896 -0.5 -0.5)
(0.592523244653 -0.5 -0.5)
(0.620285263112 -0.5 -0.5)
(0.649556396878 -0.5 -0.5)
(0.680418679936 -0.5 -0.5)
(0.712958605556 -0.5 -0.5)
(0.747267368694 -0.5 -0.5)
(0.783441121573 -0.5 -0.5)
(0.821581243154 -0.5 -0.5)
(0.861794623254 -0.5 -0.5)
(0.904193962114 -0.5 -0.5)
(0.948898086246 -0.5 -0.5)
(0.996032281453 -0.5 -0.5)
(1.04572864395 -0.5 -0.5)
(1.09812645055 -0.5 -0.5)
(1.15337254904 -0.5 -0.5)
(1.2116217697 -0.5 -0.5)
(1.27303735921 -0.5 -0.5)
(1.33779143818 -0.5 -0.5)
(1.40606548354 -0.5 -0.5)
(1.47805083711 -0.5 -0.5)
(1.55394924185 -0.5 -0.5)
(1.63397340728 -0.5 -0.5)
(1.71834760558 -0.5 -0.5)
(1.80730830016 -0.5 -0.5)
(1.90110480832 -0.5 -0.5)
(2 -0.5 -0.5)
(2.1 -0.5 -0.5)
(2.2 -0.5 -0.5)
(2.3 -0.5 -0.5)
(2.4 -0.5 -0.5)
(2.5 -0.5 -0.5)
(2.6 -0.5 -0.5)
(2.7 -0.5 -0.5)
(2.8 -0.5 -0.5)
(2.9 -0.5 -0.5)
(3 -0.5 -0.5)
(3.1 -0.5 -0.5)
(3.2 -0.5 -0.5)
(3.3 -0.5 -0.5)
(3.4 -0.5 -0.5)
(3.5 -0.5 -0.5)
(3.6 -0.5 -0.5)
(3.7 -0.5 -0.5)
(3.8 -0.5 -0.5)
(3.9 -0.5 -0.5)
(4 -0.5 -0.5)
(4.1 -0.5 -0.5)
(4.2 -0.5 -0.5)
(4.3 -0.5 -0.5)
(4.4 -0.5 -0.5)
(4.5 -0.5 -0.5)
(4.6 -0.5 -0.5)
(4.7 -0.5 -0.5)
(4.8 -0.5 -0.5)
(4.9 -0.5 -0.5)
(5 -0.5 -0.5)
(-5 0.5 -0.5)
(-4.9 0.5 -0.5)
(-4.8 0.5 -0.5)
(-4.7 0.5 -0.5)
(-4.6 0.5 -0.5)
(-4.5 0.5 -0.5)
(-4.4 0.5 -0.5)
(-4.3 0.5 -0.5)
(-4.2 0.5 -0.5)
(-4.1 0.5 -0.5)
(-4 0.5 -0.5)
(-3.9 0.5 -0.5)
(-3.8 0.5 -0.5)
(-3.7 0.5 -0.5)
(-3.6 0.5 -0.5)
(-3.5 0.5 -0.5)
(-3.4 0.5 -0.5)
(-3.3 0.5 -0.5)
(-3.2 0.5 -0.5)
(-3.1 0.5 -0.5)
(-3 0.5 -0.5)
(-2.9 0.5 -0.5)
(-2.8 0.5 -0.5)
(-2.7 0.5 -0.5)
(-2.6 0.5 -0.5)
(-2.5 0.5 -0.5)
(-2.4 0.5 -0.5)
(-2.3 0.5 -0.5)
(-2.2 0.5 -0.5)
(-2.1 0.5 -0.5)
(-2 0.5 -0.5)
(-1.90110480832 0.5 -0.5)
(-1.80730830016 0.5 -0.5)
(-1.71834760558 0.5 -0.5)
(-1.63397340728 0.5 -0.5)
(-1.55394924185 0.5 -0.5)
(-1.47805083711 0.5 -0.5)
(-1.40606548354 0.5 -0.5)
(-1.33779143818 0.5 -0.5)
(-1.27303735921 0.5 -0.5)
(-1.2116217697 0.5 -0.5)
(-1.15337254904 0.5 -0.5)
(-1.09812645055 0.5 -0.5)
(-1.04572864395 0.5 -0.5)
(-0.996032281453 0.5 -0.5)
(-0.948898086246 0.5 -0.5)
(-0.904193962114 0.5 -0.5)
(-0.861794623254 0.5 -0.5)
(-0.821581243154 0.5 -0.5)
(-0.783441121573 0.5 -0.5)
(-0.747267368694 0.5 -0.5)
(-0.712958605556 0.5 -0.5)
(-0.680418679936 0.5 -0.5)
(-0.649556396878 0.5 -0.5)
(-0.620285263112 0.5 -0.5)
(-0.592523244653 0.5 -0.5)
(-0.566192536896 0.5 -0.5)
(-0.541219346563 0.5 -0.5)
(-0.517533684896 0.5 -0.5)
(-0.495069171506 0.5 -0.5)
(-0.473762848342 0.5 -0.5)
(-0.453555003244 0.5 -0.5)
(-0.4343890026 0.5 -0.5)
(-0.416211132623 0.5 -0.5)
(-0.398970448819 0.5 -0.5)
(-0.38261863321 0.5 -0.5)
(-0.36710985892 0.5 -0.5)
(-0.352400661745 0.5 -0.5)
(-0.338449818338 0.5 -0.5)
(-0.325218230684 0.5 -0.5)
(-0.312668816519 0.5 -0.5)
(-0.300766405411 0.5 -0.5)
(-0.289477640187 0.5 -0.5)
(-0.278770883455 0.5 -0.5)
(-0.268616128931 0.5 -0.5)
(-0.258984917349 0.5 -0.5)
(-0.249850256702 0.5 -0.5)
(-0.241186546593 0.5 -0.5)
(-0.232969506491 0.5 -0.5)
(-0.225176107684 0.5 -0.5)
(-0.217784508737 0.5 -0.5)
(-0.21077399428 0.5 -0.5)
(-0.204124916957 0.5 -0.5)
(-0.197818642356 0.5 -0.5)
(-0.191837496793 0.5 -0.5)
(-0.186164717773 0.5 -0.5)
(-0.180784407015 0.5 -0.5)
(-0.1756814859 0.5 -0.5)
(-0.170841653206 0.5 -0.5)
(-0.166251345032 0.5 -0.5)
(-0.161897696783 0.5 -0.5)
(-0.157768507117 0.5 -0.5)
(-0.15385220375 0.5 -0.5)
(-0.150137811023 0.5 -0.5)
(-0.146614919144 0.5 -0.5)
(-0.143273655011 0.5 -0.5)
(-0.140104654545 0.5 -0.5)
(-0.137099036446 0.5 -0.5)
(-0.134248377302 0.5 -0.5)
(-0.13154468798 0.5 -0.5)
(-0.128980391241 0.5 -0.5)
(-0.126548300501 0.5 -0.5)
(-0.124241599689 0.5 -0.5)
(-0.122053824147 0.5 -0.5)
(-0.119978842513 0.5 -0.5)
(-0.118010839535 0.5 -0.5)
(-0.116144299775 0.5 -0.5)
(-0.11437399215 0.5 -0.5)
(-0.112694955276 0.5 -0.5)
(-0.111102483557 0.5 -0.5)
(-0.109592114003 0.5 -0.5)
(-0.108159613719 0.5 -0.5)
(-0.106800968043 0.5 -0.5)
(-0.105512369294 0.5 -0.5)
(-0.104290206103 0.5 -0.5)
(-0.103131053289 0.5 -0.5)
(-0.102031662262 0.5 -0.5)
(-0.100988951917 0.5 -0.5)
(-0.1 0.5 -0.5)
(-0.099 0.5 -0.5)
(-0.098 0.5 -0.5)
(-0.097 0.5 -0.5)
(-0.096 0.5 -0.5)
(-0.095 0.5 -0.5)
(-0.094 0.5 -0.5)
(-0.093 0.5 -0.5)
(-0.092 0.5 -0.5)
(-0.091 0.5 -0.5)
(-0.09 0.5 -0.5)
(-0.089 0.5 -0.5)
(-0.088 0.5 -0.5)
(-0.087 0.5 -0.5)
(-0.086 0.5 -0.5)
(-0.085 0.5 -0.5)
(-0.084 0.5 -0.5)
(-0.083 0.5 -0.5)
(-0.082 0.5 -0.5)
(-0.081 0.5 -0.5)
(-0.08 0.5 -0.5)
(-0.079 0.5 -0.5)
(-0.078 0.5 -0.5)
(-0.077 0.5 -0.5)
(-0.076 0.5 -0.5)
(-0.075 0.5 -0.5)
(-0.074 0.5 -0.5)
(-0.073 0.5 -0.5)
(-0.072 0.5 -0.5)
(-0.071 0.5 -0.5)
(-0.07 0.5 -0.5)
(-0.069 0.5 -0.5)
(-0.068 0.5 -0.5)
(-0.067 0.5 -0.5)
(-0.066 0.5 -0.5)
(-0.065 0.5 -0.5)
(-0.064 0.5 -0.5)
(-0.063 0.5 -0.5)
(-0.062 0.5 -0.5)
(-0.061 0.5 -0.5)
(-0.06 0.5 -0.5)
(-0.059 0.5 -0.5)
(-0.058 0.5 -0.5)
(-0.057 0.5 -0.5)
(-0.056 0.5 -0.5)
(-0.055 0.5 -0.5)
(-0.054 0.5 -0.5)
(-0.053 0.5 -0.5)
(-0.052 0.5 -0.5)
(-0.051 0.5 -0.5)
(-0.05 0.5 -0.5)
(-0.049 0.5 -0.5)
(-0.048 0.5 -0.5)
(-0.047 0.5 -0.5)
(-0.046 0.5 -0.5)
(-0.045 0.5 -0.5)
(-0.044 0.5 -0.5)
(-0.043 0.5 -0.5)
(-0.042 0.5 -0.5)
(-0.041 0.5 -0.5)
(-0.04 0.5 -0.5)
(-0.039 0.5 -0.5)
(-0.038 0.5 -0.5)
(-0.037 0.5 -0.5)
(-0.036 0.5 -0.5)
(-0.035 0.5 -0.5)
(-0.034 0.5 -0.5)
(-0.033 0.5 -0.5)
(-0.032 0.5 -0.5)
(-0.031 0.5 -0.5)
(-0.03 0.5 -0.5)
(-0.029 0.5 -0.5)
(-0.028 0.5 -0.5)
(-0.027 0.5 -0.5)
(-0.026 0.5 -0.5)
(-0.025 0.5 -0.5)
(-0.024 0.5 -0.5)
(-0.023 0.5 -0.5)
(-0.022 0.5 -0.5)
(-0.021 0.5 -0.5)
(-0.02 0.5 -0.5)
(-0.019 0.5 -0.5)
(-0.018 0.5 -0.5)
(-0.017 0.5 -0.5)
(-0.016 0.5 -0.5)
(-0.015 0.5 -0.5)
(-0.014 0.5 -0.5)
(-0.013 0.5 -0.5)
(-0.012 0.5 -0.5)
(-0.011 0.5 -0.5)
(-0.01 0.5 -0.5)
(-0.009 0.5 -0.5)
(-0.008 0.5 -0.5)
(-0.007 0.5 -0.5)
(-0.006 0.5 -0.5)
(-0.005 0.5 -0.5)
(-0.004 0.5 -0.5)
(-0.003 0.5 -0.5)
(-0.002 0.5 -0.5)
(-0.000999999999999 0.5 -0.5)
(0 0.5 -0.5)
(0.000999999999999 0.5 -0.5)
(0.002 0.5 -0.5)
(0.003 0.5 -0.5)
(0.004 0.5 -0.5)
(0.005 0.5 -0.5)
(0.006 0.5 -0.5)
(0.007 0.5 -0.5)
(0.008 0.5 -0.5)
(0.009 0.5 -0.5)
(0.01 0.5 -0.5)
(0.011 0.5 -0.5)
(0.012 0.5 -0.5)
(0.013 0.5 -0.5)
(0.014 0.5 -0.5)
(0.015 0.5 -0.5)
(0.016 0.5 -0.5)
(0.017 0.5 -0.5)
(0.018 0.5 -0.5)
(0.019 0.5 -0.5)
(0.02 0.5 -0.5)
(0.021 0.5 -0.5)
(0.022 0.5 -0.5)
(0.023 0.5 -0.5)
(0.024 0.5 -0.5)
(0.025 0.5 -0.5)
(0.026 0.5 -0.5)
(0.027 0.5 -0.5)
(0.028 0.5 -0.5)
(0.029 0.5 -0.5)
(0.03 0.5 -0.5)
(0.031 0.5 -0.5)
(0.032 0.5 -0.5)
(0.033 0.5 -0.5)
(0.034 0.5 -0.5)
(0.035 0.5 -0.5)
(0.036 0.5 -0.5)
(0.037 0.5 -0.5)
(0.038 0.5 -0.5)
(0.039 0.5 -0.5)
(0.04 0.5 -0.5)
(0.041 0.5 -0.5)
(0.042 0.5 -0.5)
(0.043 0.5 -0.5)
(0.044 0.5 -0.5)
(0.045 0.5 -0.5)
(0.046 0.5 -0.5)
(0.047 0.5 -0.5)
(0.048 0.5 -0.5)
(0.049 0.5 -0.5)
(0.05 0.5 -0.5)
(0.051 0.5 -0.5)
(0.052 0.5 -0.5)
(0.053 0.5 -0.5)
(0.054 0.5 -0.5)
(0.055 0.5 -0.5)
(0.056 0.5 -0.5)
(0.057 0.5 -0.5)
(0.058 0.5 -0.5)
(0.059 0.5 -0.5)
(0.06 0.5 -0.5)
(0.061 0.5 -0.5)
(0.062 0.5 -0.5)
(0.063 0.5 -0.5)
(0.064 0.5 -0.5)
(0.065 0.5 -0.5)
(0.066 0.5 -0.5)
(0.067 0.5 -0.5)
(0.068 0.5 -0.5)
(0.069 0.5 -0.5)
(0.07 0.5 -0.5)
(0.071 0.5 -0.5)
(0.072 0.5 -0.5)
(0.073 0.5 -0.5)
(0.074 0.5 -0.5)
(0.075 0.5 -0.5)
(0.076 0.5 -0.5)
(0.077 0.5 -0.5)
(0.078 0.5 -0.5)
(0.079 0.5 -0.5)
(0.08 0.5 -0.5)
(0.081 0.5 -0.5)
(0.082 0.5 -0.5)
(0.083 0.5 -0.5)
(0.084 0.5 -0.5)
(0.085 0.5 -0.5)
(0.086 0.5 -0.5)
(0.087 0.5 -0.5)
(0.088 0.5 -0.5)
(0.089 0.5 -0.5)
(0.09 0.5 -0.5)
(0.091 0.5 -0.5)
(0.092 0.5 -0.5)
(0.093 0.5 -0.5)
(0.094 0.5 -0.5)
(0.095 0.5 -0.5)
(0.096 0.5 -0.5)
(0.097 0.5 -0.5)
(0.098 0.5 -0.5)
(0.099 0.5 -0.5)
(0.1 0.5 -0.5)
(0.100988951917 0.5 -0.5)
(0.102031662262 0.5 -0.5)
(0.103131053289 0.5 -0.5)
(0.104290206103 0.5 -0.5)
(0.105512369294 0.5 -0.5)
(0.106800968043 0.5 -0.5)
(0.108159613719 0.5 -0.5)
(0.109592114003 0.5 -0.5)
(0.111102483557 0.5 -0.5)
(0.112694955276 0.5 -0.5)
(0.11437399215 0.5 -0.5)
(0.116144299775 0.5 -0.5)
(0.118010839535 0.5 -0.5)
(0.119978842513 0.5 -0.5)
(0.122053824147 0.5 -0.5)
(0.124241599689 0.5 -0.5)
(0.126548300501 0.5 -0.5)
(0.128980391241 0.5 -0.5)
(0.13154468798 0.5 -0.5)
(0.134248377302 0.5 -0.5)
(0.137099036446 0.5 -0.5)
(0.140104654545 0.5 -0.5)
(0.143273655011 0.5 -0.5)
(0.146614919144 0.5 -0.5)
(0.150137811023 0.5 -0.5)
(0.15385220375 0.5 -0.5)
(0.157768507117 0.5 -0.5)
(0.161897696783 0.5 -0.5)
(0.166251345032 0.5 -0.5)
(0.170841653206 0.5 -0.5)
(0.1756814859 0.5 -0.5)
(0.180784407015 0.5 -0.5)
(0.186164717773 0.5 -0.5)
(0.191837496793 0.5 -0.5)
(0.197818642356 0.5 -0.5)
(0.204124916957 0.5 -0.5)
(0.21077399428 0.5 -0.5)
(0.217784508737 0.5 -0.5)
(0.225176107684 0.5 -0.5)
(0.232969506491 0.5 -0.5)
(0.241186546593 0.5 -0.5)
(0.249850256702 0.5 -0.5)
(0.258984917349 0.5 -0.5)
(0.268616128931 0.5 -0.5)
(0.278770883455 0.5 -0.5)
(0.289477640187 0.5 -0.5)
(0.300766405411 0.5 -0.5)
(0.312668816519 0.5 -0.5)
(0.325218230684 0.5 -0.5)
(0.338449818338 0.5 -0.5)
(0.352400661745 0.5 -0.5)
(0.36710985892 0.5 -0.5)
(0.38261863321 0.5 -0.5)
(0.398970448819 0.5 -0.5)
(0.416211132623 0.5 -0.5)
(0.4343890026 0.5 -0.5)
(0.453555003244 0.5 -0.5)
(0.473762848342 0.5 -0.5)
(0.495069171506 0.5 -0.5)
(0.517533684896 0.5 -0.5)
(0.541219346563 0.5 -0.5)
(0.566192536896 0.5 -0.5)
(0.592523244653 0.5 -0.5)
(0.620285263112 0.5 -0.5)
(0.649556396878 0.5 -0.5)
(0.680418679936 0.5 -0.5)
(0.712958605556 0.5 -0.5)
(0.747267368694 0.5 -0.5)
(0.783441121573 0.5 -0.5)
(0.821581243154 0.5 -0.5)
(0.861794623254 0.5 -0.5)
(0.904193962114 0.5 -0.5)
(0.948898086246 0.5 -0.5)
(0.996032281453 0.5 -0.5)
(1.04572864395 0.5 -0.5)
(1.09812645055 0.5 -0.5)
(1.15337254904 0.5 -0.5)
(1.2116217697 0.5 -0.5)
(1.27303735921 0.5 -0.5)
(1.33779143818 0.5 -0.5)
(1.40606548354 0.5 -0.5)
(1.47805083711 0.5 -0.5)
(1.55394924185 0.5 -0.5)
(1.63397340728 0.5 -0.5)
(1.71834760558 0.5 -0.5)
(1.80730830016 0.5 -0.5)
(1.90110480832 0.5 -0.5)
(2 0.5 -0.5)
(2.1 0.5 -0.5)
(2.2 0.5 -0.5)
(2.3 0.5 -0.5)
(2.4 0.5 -0.5)
(2.5 0.5 -0.5)
(2.6 0.5 -0.5)
(2.7 0.5 -0.5)
(2.8 0.5 -0.5)
(2.9 0.5 -0.5)
(3 0.5 -0.5)
(3.1 0.5 -0.5)
(3.2 0.5 -0.5)
(3.3 0.5 -0.5)
(3.4 0.5 -0.5)
(3.5 0.5 -0.5)
(3.6 0.5 -0.5)
(3.7 0.5 -0.5)
(3.8 0.5 -0.5)
(3.9 0.5 -0.5)
(4 0.5 -0.5)
(4.1 0.5 -0.5)
(4.2 0.5 -0.5)
(4.3 0.5 -0.5)
(4.4 0.5 -0.5)
(4.5 0.5 -0.5)
(4.6 0.5 -0.5)
(4.7 0.5 -0.5)
(4.8 0.5 -0.5)
(4.9 0.5 -0.5)
(5 0.5 -0.5)
(-5 -0.5 0.5)
(-4.9 -0.5 0.5)
(-4.8 -0.5 0.5)
(-4.7 -0.5 0.5)
(-4.6 -0.5 0.5)
(-4.5 -0.5 0.5)
(-4.4 -0.5 0.5)
(-4.3 -0.5 0.5)
(-4.2 -0.5 0.5)
(-4.1 -0.5 0.5)
(-4 -0.5 0.5)
(-3.9 -0.5 0.5)
(-3.8 -0.5 0.5)
(-3.7 -0.5 0.5)
(-3.6 -0.5 0.5)
(-3.5 -0.5 0.5)
(-3.4 -0.5 0.5)
(-3.3 -0.5 0.5)
(-3.2 -0.5 0.5)
(-3.1 -0.5 0.5)
(-3 -0.5 0.5)
(-2.9 -0.5 0.5)
(-2.8 -0.5 0.5)
(-2.7 -0.5 0.5)
(-2.6 -0.5 0.5)
(-2.5 -0.5 0.5)
(-2.4 -0.5 0.5)
(-2.3 -0.5 0.5)
(-2.2 -0.5 0.5)
(-2.1 -0.5 0.5)
(-2 -0.5 0.5)
(-1.90110480832 -0.5 0.5)
(-1.80730830016 -0.5 0.5)
(-1.71834760558 -0.5 0.5)
(-1.63397340728 -0.5 0.5)
(-1.55394924185 -0.5 0.5)
(-1.47805083711 -0.5 0.5)
(-1.40606548354 -0.5 0.5)
(-1.33779143818 -0.5 0.5)
(-1.27303735921 -0.5 0.5)
(-1.2116217697 -0.5 0.5)
(-1.15337254904 -0.5 0.5)
(-1.09812645055 -0.5 0.5)
(-1.04572864395 -0.5 0.5)
(-0.996032281453 -0.5 0.5)
(-0.948898086246 -0.5 0.5)
(-0.904193962114 -0.5 0.5)
(-0.861794623254 -0.5 0.5)
(-0.821581243154 -0.5 0.5)
(-0.783441121573 -0.5 0.5)
(-0.747267368694 -0.5 0.5)
(-0.712958605556 -0.5 0.5)
(-0.680418679936 -0.5 0.5)
(-0.649556396878 -0.5 0.5)
(-0.620285263112 -0.5 0.5)
(-0.592523244653 -0.5 0.5)
(-0.566192536896 -0.5 0.5)
(-0.541219346563 -0.5 0.5)
(-0.517533684896 -0.5 0.5)
(-0.495069171506 -0.5 0.5)
(-0.473762848342 -0.5 0.5)
(-0.453555003244 -0.5 0.5)
(-0.4343890026 -0.5 0.5)
(-0.416211132623 -0.5 0.5)
(-0.398970448819 -0.5 0.5)
(-0.38261863321 -0.5 0.5)
(-0.36710985892 -0.5 0.5)
(-0.352400661745 -0.5 0.5)
(-0.338449818338 -0.5 0.5)
(-0.325218230684 -0.5 0.5)
(-0.312668816519 -0.5 0.5)
(-0.300766405411 -0.5 0.5)
(-0.289477640187 -0.5 0.5)
(-0.278770883455 -0.5 0.5)
(-0.268616128931 -0.5 0.5)
(-0.258984917349 -0.5 0.5)
(-0.249850256702 -0.5 0.5)
(-0.241186546593 -0.5 0.5)
(-0.232969506491 -0.5 0.5)
(-0.225176107684 -0.5 0.5)
(-0.217784508737 -0.5 0.5)
(-0.21077399428 -0.5 0.5)
(-0.204124916957 -0.5 0.5)
(-0.197818642356 -0.5 0.5)
(-0.191837496793 -0.5 0.5)
(-0.186164717773 -0.5 0.5)
(-0.180784407015 -0.5 0.5)
(-0.1756814859 -0.5 0.5)
(-0.170841653206 -0.5 0.5)
(-0.166251345032 -0.5 0.5)
(-0.161897696783 -0.5 0.5)
(-0.157768507117 -0.5 0.5)
(-0.15385220375 -0.5 0.5)
(-0.150137811023 -0.5 0.5)
(-0.146614919144 -0.5 0.5)
(-0.143273655011 -0.5 0.5)
(-0.140104654545 -0.5 0.5)
(-0.137099036446 -0.5 0.5)
(-0.134248377302 -0.5 0.5)
(-0.13154468798 -0.5 0.5)
(-0.128980391241 -0.5 0.5)
(-0.126548300501 -0.5 0.5)
(-0.124241599689 -0.5 0.5)
(-0.122053824147 -0.5 0.5)
(-0.119978842513 -0.5 0.5)
(-0.118010839535 -0.5 0.5)
(-0.116144299775 -0.5 0.5)
(-0.11437399215 -0.5 0.5)
(-0.112694955276 -0.5 0.5)
(-0.111102483557 -0.5 0.5)
(-0.109592114003 -0.5 0.5)
(-0.108159613719 -0.5 0.5)
(-0.106800968043 -0.5 0.5)
(-0.105512369294 -0.5 0.5)
(-0.104290206103 -0.5 0.5)
(-0.103131053289 -0.5 0.5)
(-0.102031662262 -0.5 0.5)
(-0.100988951917 -0.5 0.5)
(-0.1 -0.5 0.5)
(-0.099 -0.5 0.5)
(-0.098 -0.5 0.5)
(-0.097 -0.5 0.5)
(-0.096 -0.5 0.5)
(-0.095 -0.5 0.5)
(-0.094 -0.5 0.5)
(-0.093 -0.5 0.5)
(-0.092 -0.5 0.5)
(-0.091 -0.5 0.5)
(-0.09 -0.5 0.5)
(-0.089 -0.5 0.5)
(-0.088 -0.5 0.5)
(-0.087 -0.5 0.5)
(-0.086 -0.5 0.5)
(-0.085 -0.5 0.5)
(-0.084 -0.5 0.5)
(-0.083 -0.5 0.5)
(-0.082 -0.5 0.5)
(-0.081 -0.5 0.5)
(-0.08 -0.5 0.5)
(-0.079 -0.5 0.5)
(-0.078 -0.5 0.5)
(-0.077 -0.5 0.5)
(-0.076 -0.5 0.5)
(-0.075 -0.5 0.5)
(-0.074 -0.5 0.5)
(-0.073 -0.5 0.5)
(-0.072 -0.5 0.5)
(-0.071 -0.5 0.5)
(-0.07 -0.5 0.5)
(-0.069 -0.5 0.5)
(-0.068 -0.5 0.5)
(-0.067 -0.5 0.5)
(-0.066 -0.5 0.5)
(-0.065 -0.5 0.5)
(-0.064 -0.5 0.5)
(-0.063 -0.5 0.5)
(-0.062 -0.5 0.5)
(-0.061 -0.5 0.5)
(-0.06 -0.5 0.5)
(-0.059 -0.5 0.5)
(-0.058 -0.5 0.5)
(-0.057 -0.5 0.5)
(-0.056 -0.5 0.5)
(-0.055 -0.5 0.5)
(-0.054 -0.5 0.5)
(-0.053 -0.5 0.5)
(-0.052 -0.5 0.5)
(-0.051 -0.5 0.5)
(-0.05 -0.5 0.5)
(-0.049 -0.5 0.5)
(-0.048 -0.5 0.5)
(-0.047 -0.5 0.5)
(-0.046 -0.5 0.5)
(-0.045 -0.5 0.5)
(-0.044 -0.5 0.5)
(-0.043 -0.5 0.5)
(-0.042 -0.5 0.5)
(-0.041 -0.5 0.5)
(-0.04 -0.5 0.5)
(-0.039 -0.5 0.5)
(-0.038 -0.5 0.5)
(-0.037 -0.5 0.5)
(-0.036 -0.5 0.5)
(-0.035 -0.5 0.5)
(-0.034 -0.5 0.5)
(-0.033 -0.5 0.5)
(-0.032 -0.5 0.5)
(-0.031 -0.5 0.5)
(-0.03 -0.5 0.5)
(-0.029 -0.5 0.5)
(-0.028 -0.5 0.5)
(-0.027 -0.5 0.5)
(-0.026 -0.5 0.5)
(-0.025 -0.5 0.5)
(-0.024 -0.5 0.5)
(-0.023 -0.5 0.5)
(-0.022 -0.5 0.5)
(-0.021 -0.5 0.5)
(-0.02 -0.5 0.5)
(-0.019 -0.5 0.5)
(-0.018 -0.5 0.5)
(-0.017 -0.5 0.5)
(-0.016 -0.5 0.5)
(-0.015 -0.5 0.5)
(-0.014 -0.5 0.5)
(-0.013 -0.5 0.5)
(-0.012 -0.5 0.5)
(-0.011 -0.5 0.5)
(-0.01 -0.5 0.5)
(-0.009 -0.5 0.5)
(-0.008 -0.5 0.5)
(-0.007 -0.5 0.5)
(-0.006 -0.5 0.5)
(-0.005 -0.5 0.5)
(-0.004 -0.5 0.5)
(-0.003 -0.5 0.5)
(-0.002 -0.5 0.5)
(-0.000999999999999 -0.5 0.5)
(0 -0.5 0.5)
(0.000999999999999 -0.5 0.5)
(0.002 -0.5 0.5)
(0.003 -0.5 0.5)
(0.004 -0.5 0.5)
(0.005 -0.5 0.5)
(0.006 -0.5 0.5)
(0.007 -0.5 0.5)
(0.008 -0.5 0.5)
(0.009 -0.5 0.5)
(0.01 -0.5 0.5)
(0.011 -0.5 0.5)
(0.012 -0.5 0.5)
(0.013 -0.5 0.5)
(0.014 -0.5 0.5)
(0.015 -0.5 0.5)
(0.016 -0.5 0.5)
(0.017 -0.5 0.5)
(0.018 -0.5 0.5)
(0.019 -0.5 0.5)
(0.02 -0.5 0.5)
(0.021 -0.5 0.5)
(0.022 -0.5 0.5)
(0.023 -0.5 0.5)
(0.024 -0.5 0.5)
(0.025 -0.5 0.5)
(0.026 -0.5 0.5)
(0.027 -0.5 0.5)
(0.028 -0.5 0.5)
(0.029 -0.5 0.5)
(0.03 -0.5 0.5)
(0.031 -0.5 0.5)
(0.032 -0.5 0.5)
(0.033 -0.5 0.5)
(0.034 -0.5 0.5)
(0.035 -0.5 0.5)
(0.036 -0.5 0.5)
(0.037 -0.5 0.5)
(0.038 -0.5 0.5)
(0.039 -0.5 0.5)
(0.04 -0.5 0.5)
(0.041 -0.5 0.5)
(0.042 -0.5 0.5)
(0.043 -0.5 0.5)
(0.044 -0.5 0.5)
(0.045 -0.5 0.5)
(0.046 -0.5 0.5)
(0.047 -0.5 0.5)
(0.048 -0.5 0.5)
(0.049 -0.5 0.5)
(0.05 -0.5 0.5)
(0.051 -0.5 0.5)
(0.052 -0.5 0.5)
(0.053 -0.5 0.5)
(0.054 -0.5 0.5)
(0.055 -0.5 0.5)
(0.056 -0.5 0.5)
(0.057 -0.5 0.5)
(0.058 -0.5 0.5)
(0.059 -0.5 0.5)
(0.06 -0.5 0.5)
(0.061 -0.5 0.5)
(0.062 -0.5 0.5)
(0.063 -0.5 0.5)
(0.064 -0.5 0.5)
(0.065 -0.5 0.5)
(0.066 -0.5 0.5)
(0.067 -0.5 0.5)
(0.068 -0.5 0.5)
(0.069 -0.5 0.5)
(0.07 -0.5 0.5)
(0.071 -0.5 0.5)
(0.072 -0.5 0.5)
(0.073 -0.5 0.5)
(0.074 -0.5 0.5)
(0.075 -0.5 0.5)
(0.076 -0.5 0.5)
(0.077 -0.5 0.5)
(0.078 -0.5 0.5)
(0.079 -0.5 0.5)
(0.08 -0.5 0.5)
(0.081 -0.5 0.5)
(0.082 -0.5 0.5)
(0.083 -0.5 0.5)
(0.084 -0.5 0.5)
(0.085 -0.5 0.5)
(0.086 -0.5 0.5)
(0.087 -0.5 0.5)
(0.088 -0.5 0.5)
(0.089 -0.5 0.5)
(0.09 -0.5 0.5)
(0.091 -0.5 0.5)
(0.092 -0.5 0.5)
(0.093 -0.5 0.5)
(0.094 -0.5 0.5)
(0.095 -0.5 0.5)
(0.096 -0.5 0.5)
(0.097 -0.5 0.5)
(0.098 -0.5 0.5)
(0.099 -0.5 0.5)
(0.1 -0.5 0.5)
(0.100988951917 -0.5 0.5)
(0.102031662262 -0.5 0.5)
(0.103131053289 -0.5 0.5)
(0.104290206103 -0.5 0.5)
(0.105512369294 -0.5 0.5)
(0.106800968043 -0.5 0.5)
(0.108159613719 -0.5 0.5)
(0.109592114003 -0.5 0.5)
(0.111102483557 -0.5 0.5)
(0.112694955276 -0.5 0.5)
(0.11437399215 -0.5 0.5)
(0.116144299775 -0.5 0.5)
(0.118010839535 -0.5 0.5)
(0.119978842513 -0.5 0.5)
(0.122053824147 -0.5 0.5)
(0.124241599689 -0.5 0.5)
(0.126548300501 -0.5 0.5)
(0.128980391241 -0.5 0.5)
(0.13154468798 -0.5 0.5)
(0.134248377302 -0.5 0.5)
(0.137099036446 -0.5 0.5)
(0.140104654545 -0.5 0.5)
(0.143273655011 -0.5 0.5)
(0.146614919144 -0.5 0.5)
(0.150137811023 -0.5 0.5)
(0.15385220375 -0.5 0.5)
(0.157768507117 -0.5 0.5)
(0.161897696783 -0.5 0.5)
(0.166251345032 -0.5 0.5)
(0.170841653206 -0.5 0.5)
(0.1756814859 -0.5 0.5)
(0.180784407015 -0.5 0.5)
(0.186164717773 -0.5 0.5)
(0.191837496793 -0.5 0.5)
(0.197818642356 -0.5 0.5)
(0.204124916957 -0.5 0.5)
(0.21077399428 -0.5 0.5)
(0.217784508737 -0.5 0.5)
(0.225176107684 -0.5 0.5)
(0.232969506491 -0.5 0.5)
(0.241186546593 -0.5 0.5)
(0.249850256702 -0.5 0.5)
(0.258984917349 -0.5 0.5)
(0.268616128931 -0.5 0.5)
(0.278770883455 -0.5 0.5)
(0.289477640187 -0.5 0.5)
(0.300766405411 -0.5 0.5)
(0.312668816519 -0.5 0.5)
(0.325218230684 -0.5 0.5)
(0.338449818338 -0.5 0.5)
(0.352400661745 -0.5 0.5)
(0.36710985892 -0.5 0.5)
(0.38261863321 -0.5 0.5)
(0.398970448819 -0.5 0.5)
(0.416211132623 -0.5 0.5)
(0.4343890026 -0.5 0.5)
(0.453555003244 -0.5 0.5)
(0.473762848342 -0.5 0.5)
(0.495069171506 -0.5 0.5)
(0.517533684896 -0.5 0.5)
(0.541219346563 -0.5 0.5)
(0.566192536896 -0.5 0.5)
(0.592523244653 -0.5 0.5)
(0.620285263112 -0.5 0.5)
(0.649556396878 -0.5 0.5)
(0.680418679936 -0.5 0.5)
(0.712958605556 -0.5 0.5)
(0.747267368694 -0.5 0.5)
(0.783441121573 -0.5 0.5)
(0.821581243154 -0.5 0.5)
(0.861794623254 -0.5 0.5)
(0.904193962114 -0.5 0.5)
(0.948898086246 -0.5 0.5)
(0.996032281453 -0.5 0.5)
(1.04572864395 -0.5 0.5)
(1.09812645055 -0.5 0.5)
(1.15337254904 -0.5 0.5)
(1.2116217697 -0.5 0.5)
(1.27303735921 -0.5 0.5)
(1.33779143818 -0.5 0.5)
(1.40606548354 -0.5 0.5)
(1.47805083711 -0.5 0.5)
(1.55394924185 -0.5 0.5)
(1.63397340728 -0.5 0.5)
(1.71834760558 -0.5 0.5)
(1.80730830016 -0.5 0.5)
(1.90110480832 -0.5 0.5)
(2 -0.5 0.5)
(2.1 -0.5 0.5)
(2.2 -0.5 0.5)
(2.3 -0.5 0.5)
(2.4 -0.5 0.5)
(2.5 -0.5 0.5)
(2.6 -0.5 0.5)
(2.7 -0.5 0.5)
(2.8 -0.5 0.5)
(2.9 -0.5 0.5)
(3 -0.5 0.5)
(3.1 -0.5 0.5)
(3.2 -0.5 0.5)
(3.3 -0.5 0.5)
(3.4 -0.5 0.5)
(3.5 -0.5 0.5)
(3.6 -0.5 0.5)
(3.7 -0.5 0.5)
(3.8 -0.5 0.5)
(3.9 -0.5 0.5)
(4 -0.5 0.5)
(4.1 -0.5 0.5)
(4.2 -0.5 0.5)
(4.3 -0.5 0.5)
(4.4 -0.5 0.5)
(4.5 -0.5 0.5)
(4.6 -0.5 0.5)
(4.7 -0.5 0.5)
(4.8 -0.5 0.5)
(4.9 -0.5 0.5)
(5 -0.5 0.5)
(-5 0.5 0.5)
(-4.9 0.5 0.5)
(-4.8 0.5 0.5)
(-4.7 0.5 0.5)
(-4.6 0.5 0.5)
(-4.5 0.5 0.5)
(-4.4 0.5 0.5)
(-4.3 0.5 0.5)
(-4.2 0.5 0.5)
(-4.1 0.5 0.5)
(-4 0.5 0.5)
(-3.9 0.5 0.5)
(-3.8 0.5 0.5)
(-3.7 0.5 0.5)
(-3.6 0.5 0.5)
(-3.5 0.5 0.5)
(-3.4 0.5 0.5)
(-3.3 0.5 0.5)
(-3.2 0.5 0.5)
(-3.1 0.5 0.5)
(-3 0.5 0.5)
(-2.9 0.5 0.5)
(-2.8 0.5 0.5)
(-2.7 0.5 0.5)
(-2.6 0.5 0.5)
(-2.5 0.5 0.5)
(-2.4 0.5 0.5)
(-2.3 0.5 0.5)
(-2.2 0.5 0.5)
(-2.1 0.5 0.5)
(-2 0.5 0.5)
(-1.90110480832 0.5 0.5)
(-1.80730830016 0.5 0.5)
(-1.71834760558 0.5 0.5)
(-1.63397340728 0.5 0.5)
(-1.55394924185 0.5 0.5)
(-1.47805083711 0.5 0.5)
(-1.40606548354 0.5 0.5)
(-1.33779143818 0.5 0.5)
(-1.27303735921 0.5 0.5)
(-1.2116217697 0.5 0.5)
(-1.15337254904 0.5 0.5)
(-1.09812645055 0.5 0.5)
(-1.04572864395 0.5 0.5)
(-0.996032281453 0.5 0.5)
(-0.948898086246 0.5 0.5)
(-0.904193962114 0.5 0.5)
(-0.861794623254 0.5 0.5)
(-0.821581243154 0.5 0.5)
(-0.783441121573 0.5 0.5)
(-0.747267368694 0.5 0.5)
(-0.712958605556 0.5 0.5)
(-0.680418679936 0.5 0.5)
(-0.649556396878 0.5 0.5)
(-0.620285263112 0.5 0.5)
(-0.592523244653 0.5 0.5)
(-0.566192536896 0.5 0.5)
(-0.541219346563 0.5 0.5)
(-0.517533684896 0.5 0.5)
(-0.495069171506 0.5 0.5)
(-0.473762848342 0.5 0.5)
(-0.453555003244 0.5 0.5)
(-0.4343890026 0.5 0.5)
(-0.416211132623 0.5 0.5)
(-0.398970448819 0.5 0.5)
(-0.38261863321 0.5 0.5)
(-0.36710985892 0.5 0.5)
(-0.352400661745 0.5 0.5)
(-0.338449818338 0.5 0.5)
(-0.325218230684 0.5 0.5)
(-0.312668816519 0.5 0.5)
(-0.300766405411 0.5 0.5)
(-0.289477640187 0.5 0.5)
(-0.278770883455 0.5 0.5)
(-0.268616128931 0.5 0.5)
(-0.258984917349 0.5 0.5)
(-0.249850256702 0.5 0.5)
(-0.241186546593 0.5 0.5)
(-0.232969506491 0.5 0.5)
(-0.225176107684 0.5 0.5)
(-0.217784508737 0.5 0.5)
(-0.21077399428 0.5 0.5)
(-0.204124916957 0.5 0.5)
(-0.197818642356 0.5 0.5)
(-0.191837496793 0.5 0.5)
(-0.186164717773 0.5 0.5)
(-0.180784407015 0.5 0.5)
(-0.1756814859 0.5 0.5)
(-0.170841653206 0.5 0.5)
(-0.166251345032 0.5 0.5)
(-0.161897696783 0.5 0.5)
(-0.157768507117 0.5 0.5)
(-0.15385220375 0.5 0.5)
(-0.150137811023 0.5 0.5)
(-0.146614919144 0.5 0.5)
(-0.143273655011 0.5 0.5)
(-0.140104654545 0.5 0.5)
(-0.137099036446 0.5 0.5)
(-0.134248377302 0.5 0.5)
(-0.13154468798 0.5 0.5)
(-0.128980391241 0.5 0.5)
(-0.126548300501 0.5 0.5)
(-0.124241599689 0.5 0.5)
(-0.122053824147 0.5 0.5)
(-0.119978842513 0.5 0.5)
(-0.118010839535 0.5 0.5)
(-0.116144299775 0.5 0.5)
(-0.11437399215 0.5 0.5)
(-0.112694955276 0.5 0.5)
(-0.111102483557 0.5 0.5)
(-0.109592114003 0.5 0.5)
(-0.108159613719 0.5 0.5)
(-0.106800968043 0.5 0.5)
(-0.105512369294 0.5 0.5)
(-0.104290206103 0.5 0.5)
(-0.103131053289 0.5 0.5)
(-0.102031662262 0.5 0.5)
(-0.100988951917 0.5 0.5)
(-0.1 0.5 0.5)
(-0.099 0.5 0.5)
(-0.098 0.5 0.5)
(-0.097 0.5 0.5)
(-0.096 0.5 0.5)
(-0.095 0.5 0.5)
(-0.094 0.5 0.5)
(-0.093 0.5 0.5)
(-0.092 0.5 0.5)
(-0.091 0.5 0.5)
(-0.09 0.5 0.5)
(-0.089 0.5 0.5)
(-0.088 0.5 0.5)
(-0.087 0.5 0.5)
(-0.086 0.5 0.5)
(-0.085 0.5 0.5)
(-0.084 0.5 0.5)
(-0.083 0.5 0.5)
(-0.082 0.5 0.5)
(-0.081 0.5 0.5)
(-0.08 0.5 0.5)
(-0.079 0.5 0.5)
(-0.078 0.5 0.5)
(-0.077 0.5 0.5)
(-0.076 0.5 0.5)
(-0.075 0.5 0.5)
(-0.074 0.5 0.5)
(-0.073 0.5 0.5)
(-0.072 0.5 0.5)
(-0.071 0.5 0.5)
(-0.07 0.5 0.5)
(-0.069 0.5 0.5)
(-0.068 0.5 0.5)
(-0.067 0.5 0.5)
(-0.066 0.5 0.5)
(-0.065 0.5 0.5)
(-0.064 0.5 0.5)
(-0.063 0.5 0.5)
(-0.062 0.5 0.5)
(-0.061 0.5 0.5)
(-0.06 0.5 0.5)
(-0.059 0.5 0.5)
(-0.058 0.5 0.5)
(-0.057 0.5 0.5)
(-0.056 0.5 0.5)
(-0.055 0.5 0.5)
(-0.054 0.5 0.5)
(-0.053 0.5 0.5)
(-0.052 0.5 0.5)
(-0.051 0.5 0.5)
(-0.05 0.5 0.5)
(-0.049 0.5 0.5)
(-0.048 0.5 0.5)
(-0.047 0.5 0.5)
(-0.046 0.5 0.5)
(-0.045 0.5 0.5)
(-0.044 0.5 0.5)
(-0.043 0.5 0.5)
(-0.042 0.5 0.5)
(-0.041 0.5 0.5)
(-0.04 0.5 0.5)
(-0.039 0.5 0.5)
(-0.038 0.5 0.5)
(-0.037 0.5 0.5)
(-0.036 0.5 0.5)
(-0.035 0.5 0.5)
(-0.034 0.5 0.5)
(-0.033 0.5 0.5)
(-0.032 0.5 0.5)
(-0.031 0.5 0.5)
(-0.03 0.5 0.5)
(-0.029 0.5 0.5)
(-0.028 0.5 0.5)
(-0.027 0.5 0.5)
(-0.026 0.5 0.5)
(-0.025 0.5 0.5)
(-0.024 0.5 0.5)
(-0.023 0.5 0.5)
(-0.022 0.5 0.5)
(-0.021 0.5 0.5)
(-0.02 0.5 0.5)
(-0.019 0.5 0.5)
(-0.018 0.5 0.5)
(-0.017 0.5 0.5)
(-0.016 0.5 0.5)
(-0.015 0.5 0.5)
(-0.014 0.5 0.5)
(-0.013 0.5 0.5)
(-0.012 0.5 0.5)
(-0.011 0.5 0.5)
(-0.01 0.5 0.5)
(-0.009 0.5 0.5)
(-0.008 0.5 0.5)
(-0.007 0.5 0.5)
(-0.006 0.5 0.5)
(-0.005 0.5 0.5)
(-0.004 0.5 0.5)
(-0.003 0.5 0.5)
(-0.002 0.5 0.5)
(-0.000999999999999 0.5 0.5)
(0 0.5 0.5)
(0.000999999999999 0.5 0.5)
(0.002 0.5 0.5)
(0.003 0.5 0.5)
(0.004 0.5 0.5)
(0.005 0.5 0.5)
(0.006 0.5 0.5)
(0.007 0.5 0.5)
(0.008 0.5 0.5)
(0.009 0.5 0.5)
(0.01 0.5 0.5)
(0.011 0.5 0.5)
(0.012 0.5 0.5)
(0.013 0.5 0.5)
(0.014 0.5 0.5)
(0.015 0.5 0.5)
(0.016 0.5 0.5)
(0.017 0.5 0.5)
(0.018 0.5 0.5)
(0.019 0.5 0.5)
(0.02 0.5 0.5)
(0.021 0.5 0.5)
(0.022 0.5 0.5)
(0.023 0.5 0.5)
(0.024 0.5 0.5)
(0.025 0.5 0.5)
(0.026 0.5 0.5)
(0.027 0.5 0.5)
(0.028 0.5 0.5)
(0.029 0.5 0.5)
(0.03 0.5 0.5)
(0.031 0.5 0.5)
(0.032 0.5 0.5)
(0.033 0.5 0.5)
(0.034 0.5 0.5)
(0.035 0.5 0.5)
(0.036 0.5 0.5)
(0.037 0.5 0.5)
(0.038 0.5 0.5)
(0.039 0.5 0.5)
(0.04 0.5 0.5)
(0.041 0.5 0.5)
(0.042 0.5 0.5)
(0.043 0.5 0.5)
(0.044 0.5 0.5)
(0.045 0.5 0.5)
(0.046 0.5 0.5)
(0.047 0.5 0.5)
(0.048 0.5 0.5)
(0.049 0.5 0.5)
(0.05 0.5 0.5)
(0.051 0.5 0.5)
(0.052 0.5 0.5)
(0.053 0.5 0.5)
(0.054 0.5 0.5)
(0.055 0.5 0.5)
(0.056 0.5 0.5)
(0.057 0.5 0.5)
(0.058 0.5 0.5)
(0.059 0.5 0.5)
(0.06 0.5 0.5)
(0.061 0.5 0.5)
(0.062 0.5 0.5)
(0.063 0.5 0.5)
(0.064 0.5 0.5)
(0.065 0.5 0.5)
(0.066 0.5 0.5)
(0.067 0.5 0.5)
(0.068 0.5 0.5)
(0.069 0.5 0.5)
(0.07 0.5 0.5)
(0.071 0.5 0.5)
(0.072 0.5 0.5)
(0.073 0.5 0.5)
(0.074 0.5 0.5)
(0.075 0.5 0.5)
(0.076 0.5 0.5)
(0.077 0.5 0.5)
(0.078 0.5 0.5)
(0.079 0.5 0.5)
(0.08 0.5 0.5)
(0.081 0.5 0.5)
(0.082 0.5 0.5)
(0.083 0.5 0.5)
(0.084 0.5 0.5)
(0.085 0.5 0.5)
(0.086 0.5 0.5)
(0.087 0.5 0.5)
(0.088 0.5 0.5)
(0.089 0.5 0.5)
(0.09 0.5 0.5)
(0.091 0.5 0.5)
(0.092 0.5 0.5)
(0.093 0.5 0.5)
(0.094 0.5 0.5)
(0.095 0.5 0.5)
(0.096 0.5 0.5)
(0.097 0.5 0.5)
(0.098 0.5 0.5)
(0.099 0.5 0.5)
(0.1 0.5 0.5)
(0.100988951917 0.5 0.5)
(0.102031662262 0.5 0.5)
(0.103131053289 0.5 0.5)
(0.104290206103 0.5 0.5)
(0.105512369294 0.5 0.5)
(0.106800968043 0.5 0.5)
(0.108159613719 0.5 0.5)
(0.109592114003 0.5 0.5)
(0.111102483557 0.5 0.5)
(0.112694955276 0.5 0.5)
(0.11437399215 0.5 0.5)
(0.116144299775 0.5 0.5)
(0.118010839535 0.5 0.5)
(0.119978842513 0.5 0.5)
(0.122053824147 0.5 0.5)
(0.124241599689 0.5 0.5)
(0.126548300501 0.5 0.5)
(0.128980391241 0.5 0.5)
(0.13154468798 0.5 0.5)
(0.134248377302 0.5 0.5)
(0.137099036446 0.5 0.5)
(0.140104654545 0.5 0.5)
(0.143273655011 0.5 0.5)
(0.146614919144 0.5 0.5)
(0.150137811023 0.5 0.5)
(0.15385220375 0.5 0.5)
(0.157768507117 0.5 0.5)
(0.161897696783 0.5 0.5)
(0.166251345032 0.5 0.5)
(0.170841653206 0.5 0.5)
(0.1756814859 0.5 0.5)
(0.180784407015 0.5 0.5)
(0.186164717773 0.5 0.5)
(0.191837496793 0.5 0.5)
(0.197818642356 0.5 0.5)
(0.204124916957 0.5 0.5)
(0.21077399428 0.5 0.5)
(0.217784508737 0.5 0.5)
(0.225176107684 0.5 0.5)
(0.232969506491 0.5 0.5)
(0.241186546593 0.5 0.5)
(0.249850256702 0.5 0.5)
(0.258984917349 0.5 0.5)
(0.268616128931 0.5 0.5)
(0.278770883455 0.5 0.5)
(0.289477640187 0.5 0.5)
(0.300766405411 0.5 0.5)
(0.312668816519 0.5 0.5)
(0.325218230684 0.5 0.5)
(0.338449818338 0.5 0.5)
(0.352400661745 0.5 0.5)
(0.36710985892 0.5 0.5)
(0.38261863321 0.5 0.5)
(0.398970448819 0.5 0.5)
(0.416211132623 0.5 0.5)
(0.4343890026 0.5 0.5)
(0.453555003244 0.5 0.5)
(0.473762848342 0.5 0.5)
(0.495069171506 0.5 0.5)
(0.517533684896 0.5 0.5)
(0.541219346563 0.5 0.5)
(0.566192536896 0.5 0.5)
(0.592523244653 0.5 0.5)
(0.620285263112 0.5 0.5)
(0.649556396878 0.5 0.5)
(0.680418679936 0.5 0.5)
(0.712958605556 0.5 0.5)
(0.747267368694 0.5 0.5)
(0.783441121573 0.5 0.5)
(0.821581243154 0.5 0.5)
(0.861794623254 0.5 0.5)
(0.904193962114 0.5 0.5)
(0.948898086246 0.5 0.5)
(0.996032281453 0.5 0.5)
(1.04572864395 0.5 0.5)
(1.09812645055 0.5 0.5)
(1.15337254904 0.5 0.5)
(1.2116217697 0.5 0.5)
(1.27303735921 0.5 0.5)
(1.33779143818 0.5 0.5)
(1.40606548354 0.5 0.5)
(1.47805083711 0.5 0.5)
(1.55394924185 0.5 0.5)
(1.63397340728 0.5 0.5)
(1.71834760558 0.5 0.5)
(1.80730830016 0.5 0.5)
(1.90110480832 0.5 0.5)
(2 0.5 0.5)
(2.1 0.5 0.5)
(2.2 0.5 0.5)
(2.3 0.5 0.5)
(2.4 0.5 0.5)
(2.5 0.5 0.5)
(2.6 0.5 0.5)
(2.7 0.5 0.5)
(2.8 0.5 0.5)
(2.9 0.5 0.5)
(3 0.5 0.5)
(3.1 0.5 0.5)
(3.2 0.5 0.5)
(3.3 0.5 0.5)
(3.4 0.5 0.5)
(3.5 0.5 0.5)
(3.6 0.5 0.5)
(3.7 0.5 0.5)
(3.8 0.5 0.5)
(3.9 0.5 0.5)
(4 0.5 0.5)
(4.1 0.5 0.5)
(4.2 0.5 0.5)
(4.3 0.5 0.5)
(4.4 0.5 0.5)
(4.5 0.5 0.5)
(4.6 0.5 0.5)
(4.7 0.5 0.5)
(4.8 0.5 0.5)
(4.9 0.5 0.5)
(5 0.5 0.5)
)


// ************************************************************************* //
