/*--------------------------------*- C++ -*----------------------------------*\
| =========                 |                                                 |
| \\      /  F ield         | OpenFOAM: The Open Source CFD Toolbox           |
|  \\    /   O peration     | Version:  v1906                                 |
|   \\  /    A nd           | Web:      www.OpenFOAM.com                      |
|    \\/     M anipulation  |                                                 |
\*---------------------------------------------------------------------------*/
FoamFile
{
    version     2.0;
    format      ascii;
    class       faceList;
    location    "constant/nonLinearZone/polyMesh";
    object      faces;
}
// * * * * * * * * * * * * * * * * * * * * * * * * * * * * * * * * * * * * * //


996
(
4(1 201 601 401)
4(2 202 602 402)
4(3 203 603 403)
4(4 204 604 404)
4(5 205 605 405)
4(6 206 606 406)
4(7 207 607 407)
4(8 208 608 408)
4(9 209 609 409)
4(10 210 610 410)
4(11 211 611 411)
4(12 212 612 412)
4(13 213 613 413)
4(14 214 614 414)
4(15 215 615 415)
4(16 216 616 416)
4(17 217 617 417)
4(18 218 618 418)
4(19 219 619 419)
4(20 220 620 420)
4(21 221 621 421)
4(22 222 622 422)
4(23 223 623 423)
4(24 224 624 424)
4(25 225 625 425)
4(26 226 626 426)
4(27 227 627 427)
4(28 228 628 428)
4(29 229 629 429)
4(30 230 630 430)
4(31 231 631 431)
4(32 232 632 432)
4(33 233 633 433)
4(34 234 634 434)
4(35 235 635 435)
4(36 236 636 436)
4(37 237 637 437)
4(38 238 638 438)
4(39 239 639 439)
4(40 240 640 440)
4(41 241 641 441)
4(42 242 642 442)
4(43 243 643 443)
4(44 244 644 444)
4(45 245 645 445)
4(46 246 646 446)
4(47 247 647 447)
4(48 248 648 448)
4(49 249 649 449)
4(50 250 650 450)
4(51 251 651 451)
4(52 252 652 452)
4(53 253 653 453)
4(54 254 654 454)
4(55 255 655 455)
4(56 256 656 456)
4(57 257 657 457)
4(58 258 658 458)
4(59 259 659 459)
4(60 260 660 460)
4(61 261 661 461)
4(62 262 662 462)
4(63 263 663 463)
4(64 264 664 464)
4(65 265 665 465)
4(66 266 666 466)
4(67 267 667 467)
4(68 268 668 468)
4(69 269 669 469)
4(70 270 670 470)
4(71 271 671 471)
4(72 272 672 472)
4(73 273 673 473)
4(74 274 674 474)
4(75 275 675 475)
4(76 276 676 476)
4(77 277 677 477)
4(78 278 678 478)
4(79 279 679 479)
4(80 280 680 480)
4(81 281 681 481)
4(82 282 682 482)
4(83 283 683 483)
4(84 284 684 484)
4(85 285 685 485)
4(86 286 686 486)
4(87 287 687 487)
4(88 288 688 488)
4(89 289 689 489)
4(90 290 690 490)
4(91 291 691 491)
4(92 292 692 492)
4(93 293 693 493)
4(94 294 694 494)
4(95 295 695 495)
4(96 296 696 496)
4(97 297 697 497)
4(98 298 698 498)
4(99 299 699 499)
4(100 300 700 500)
4(101 301 701 501)
4(102 302 702 502)
4(103 303 703 503)
4(104 304 704 504)
4(105 305 705 505)
4(106 306 706 506)
4(107 307 707 507)
4(108 308 708 508)
4(109 309 709 509)
4(110 310 710 510)
4(111 311 711 511)
4(112 312 712 512)
4(113 313 713 513)
4(114 314 714 514)
4(115 315 715 515)
4(116 316 716 516)
4(117 317 717 517)
4(118 318 718 518)
4(119 319 719 519)
4(120 320 720 520)
4(121 321 721 521)
4(122 322 722 522)
4(123 323 723 523)
4(124 324 724 524)
4(125 325 725 525)
4(126 326 726 526)
4(127 327 727 527)
4(128 328 728 528)
4(129 329 729 529)
4(130 330 730 530)
4(131 331 731 531)
4(132 332 732 532)
4(133 333 733 533)
4(134 334 734 534)
4(135 335 735 535)
4(136 336 736 536)
4(137 337 737 537)
4(138 338 738 538)
4(139 339 739 539)
4(140 340 740 540)
4(141 341 741 541)
4(142 342 742 542)
4(143 343 743 543)
4(144 344 744 544)
4(145 345 745 545)
4(146 346 746 546)
4(147 347 747 547)
4(148 348 748 548)
4(149 349 749 549)
4(150 350 750 550)
4(151 351 751 551)
4(152 352 752 552)
4(153 353 753 553)
4(154 354 754 554)
4(155 355 755 555)
4(156 356 756 556)
4(157 357 757 557)
4(158 358 758 558)
4(159 359 759 559)
4(160 360 760 560)
4(161 361 761 561)
4(162 362 762 562)
4(163 363 763 563)
4(164 364 764 564)
4(165 365 765 565)
4(166 366 766 566)
4(167 367 767 567)
4(168 368 768 568)
4(169 369 769 569)
4(170 370 770 570)
4(171 371 771 571)
4(172 372 772 572)
4(173 373 773 573)
4(174 374 774 574)
4(175 375 775 575)
4(176 376 776 576)
4(177 377 777 577)
4(178 378 778 578)
4(179 379 779 579)
4(180 380 780 580)
4(181 381 781 581)
4(182 382 782 582)
4(183 383 783 583)
4(184 384 784 584)
4(185 385 785 585)
4(186 386 786 586)
4(187 387 787 587)
4(188 388 788 588)
4(189 389 789 589)
4(190 390 790 590)
4(191 391 791 591)
4(192 392 792 592)
4(193 393 793 593)
4(194 394 794 594)
4(195 395 795 595)
4(196 396 796 596)
4(197 397 797 597)
4(198 398 798 598)
4(0 400 600 200)
4(199 399 799 599)
4(200 600 601 201)
4(201 601 602 202)
4(202 602 603 203)
4(203 603 604 204)
4(204 604 605 205)
4(205 605 606 206)
4(206 606 607 207)
4(207 607 608 208)
4(208 608 609 209)
4(209 609 610 210)
4(210 610 611 211)
4(211 611 612 212)
4(212 612 613 213)
4(213 613 614 214)
4(214 614 615 215)
4(215 615 616 216)
4(216 616 617 217)
4(217 617 618 218)
4(218 618 619 219)
4(219 619 620 220)
4(220 620 621 221)
4(221 621 622 222)
4(222 622 623 223)
4(223 623 624 224)
4(224 624 625 225)
4(225 625 626 226)
4(226 626 627 227)
4(227 627 628 228)
4(228 628 629 229)
4(229 629 630 230)
4(230 630 631 231)
4(231 631 632 232)
4(232 632 633 233)
4(233 633 634 234)
4(234 634 635 235)
4(235 635 636 236)
4(236 636 637 237)
4(237 637 638 238)
4(238 638 639 239)
4(239 639 640 240)
4(240 640 641 241)
4(241 641 642 242)
4(242 642 643 243)
4(243 643 644 244)
4(244 644 645 245)
4(245 645 646 246)
4(246 646 647 247)
4(247 647 648 248)
4(248 648 649 249)
4(249 649 650 250)
4(250 650 651 251)
4(251 651 652 252)
4(252 652 653 253)
4(253 653 654 254)
4(254 654 655 255)
4(255 655 656 256)
4(256 656 657 257)
4(257 657 658 258)
4(258 658 659 259)
4(259 659 660 260)
4(260 660 661 261)
4(261 661 662 262)
4(262 662 663 263)
4(263 663 664 264)
4(264 664 665 265)
4(265 665 666 266)
4(266 666 667 267)
4(267 667 668 268)
4(268 668 669 269)
4(269 669 670 270)
4(270 670 671 271)
4(271 671 672 272)
4(272 672 673 273)
4(273 673 674 274)
4(274 674 675 275)
4(275 675 676 276)
4(276 676 677 277)
4(277 677 678 278)
4(278 678 679 279)
4(279 679 680 280)
4(280 680 681 281)
4(281 681 682 282)
4(282 682 683 283)
4(283 683 684 284)
4(284 684 685 285)
4(285 685 686 286)
4(286 686 687 287)
4(287 687 688 288)
4(288 688 689 289)
4(289 689 690 290)
4(290 690 691 291)
4(291 691 692 292)
4(292 692 693 293)
4(293 693 694 294)
4(294 694 695 295)
4(295 695 696 296)
4(296 696 697 297)
4(297 697 698 298)
4(298 698 699 299)
4(299 699 700 300)
4(300 700 701 301)
4(301 701 702 302)
4(302 702 703 303)
4(303 703 704 304)
4(304 704 705 305)
4(305 705 706 306)
4(306 706 707 307)
4(307 707 708 308)
4(308 708 709 309)
4(309 709 710 310)
4(310 710 711 311)
4(311 711 712 312)
4(312 712 713 313)
4(313 713 714 314)
4(314 714 715 315)
4(315 715 716 316)
4(316 716 717 317)
4(317 717 718 318)
4(318 718 719 319)
4(319 719 720 320)
4(320 720 721 321)
4(321 721 722 322)
4(322 722 723 323)
4(323 723 724 324)
4(324 724 725 325)
4(325 725 726 326)
4(326 726 727 327)
4(327 727 728 328)
4(328 728 729 329)
4(329 729 730 330)
4(330 730 731 331)
4(331 731 732 332)
4(332 732 733 333)
4(333 733 734 334)
4(334 734 735 335)
4(335 735 736 336)
4(336 736 737 337)
4(337 737 738 338)
4(338 738 739 339)
4(339 739 740 340)
4(340 740 741 341)
4(341 741 742 342)
4(342 742 743 343)
4(343 743 744 344)
4(344 744 745 345)
4(345 745 746 346)
4(346 746 747 347)
4(347 747 748 348)
4(348 748 749 349)
4(349 749 750 350)
4(350 750 751 351)
4(351 751 752 352)
4(352 752 753 353)
4(353 753 754 354)
4(354 754 755 355)
4(355 755 756 356)
4(356 756 757 357)
4(357 757 758 358)
4(358 758 759 359)
4(359 759 760 360)
4(360 760 761 361)
4(361 761 762 362)
4(362 762 763 363)
4(363 763 764 364)
4(364 764 765 365)
4(365 765 766 366)
4(366 766 767 367)
4(367 767 768 368)
4(368 768 769 369)
4(369 769 770 370)
4(370 770 771 371)
4(371 771 772 372)
4(372 772 773 373)
4(373 773 774 374)
4(374 774 775 375)
4(375 775 776 376)
4(376 776 777 377)
4(377 777 778 378)
4(378 778 779 379)
4(379 779 780 380)
4(380 780 781 381)
4(381 781 782 382)
4(382 782 783 383)
4(383 783 784 384)
4(384 784 785 385)
4(385 785 786 386)
4(386 786 787 387)
4(387 787 788 388)
4(388 788 789 389)
4(389 789 790 390)
4(390 790 791 391)
4(391 791 792 392)
4(392 792 793 393)
4(393 793 794 394)
4(394 794 795 395)
4(395 795 796 396)
4(396 796 797 397)
4(397 797 798 398)
4(398 798 799 399)
4(0 1 401 400)
4(1 2 402 401)
4(2 3 403 402)
4(3 4 404 403)
4(4 5 405 404)
4(5 6 406 405)
4(6 7 407 406)
4(7 8 408 407)
4(8 9 409 408)
4(9 10 410 409)
4(10 11 411 410)
4(11 12 412 411)
4(12 13 413 412)
4(13 14 414 413)
4(14 15 415 414)
4(15 16 416 415)
4(16 17 417 416)
4(17 18 418 417)
4(18 19 419 418)
4(19 20 420 419)
4(20 21 421 420)
4(21 22 422 421)
4(22 23 423 422)
4(23 24 424 423)
4(24 25 425 424)
4(25 26 426 425)
4(26 27 427 426)
4(27 28 428 427)
4(28 29 429 428)
4(29 30 430 429)
4(30 31 431 430)
4(31 32 432 431)
4(32 33 433 432)
4(33 34 434 433)
4(34 35 435 434)
4(35 36 436 435)
4(36 37 437 436)
4(37 38 438 437)
4(38 39 439 438)
4(39 40 440 439)
4(40 41 441 440)
4(41 42 442 441)
4(42 43 443 442)
4(43 44 444 443)
4(44 45 445 444)
4(45 46 446 445)
4(46 47 447 446)
4(47 48 448 447)
4(48 49 449 448)
4(49 50 450 449)
4(50 51 451 450)
4(51 52 452 451)
4(52 53 453 452)
4(53 54 454 453)
4(54 55 455 454)
4(55 56 456 455)
4(56 57 457 456)
4(57 58 458 457)
4(58 59 459 458)
4(59 60 460 459)
4(60 61 461 460)
4(61 62 462 461)
4(62 63 463 462)
4(63 64 464 463)
4(64 65 465 464)
4(65 66 466 465)
4(66 67 467 466)
4(67 68 468 467)
4(68 69 469 468)
4(69 70 470 469)
4(70 71 471 470)
4(71 72 472 471)
4(72 73 473 472)
4(73 74 474 473)
4(74 75 475 474)
4(75 76 476 475)
4(76 77 477 476)
4(77 78 478 477)
4(78 79 479 478)
4(79 80 480 479)
4(80 81 481 480)
4(81 82 482 481)
4(82 83 483 482)
4(83 84 484 483)
4(84 85 485 484)
4(85 86 486 485)
4(86 87 487 486)
4(87 88 488 487)
4(88 89 489 488)
4(89 90 490 489)
4(90 91 491 490)
4(91 92 492 491)
4(92 93 493 492)
4(93 94 494 493)
4(94 95 495 494)
4(95 96 496 495)
4(96 97 497 496)
4(97 98 498 497)
4(98 99 499 498)
4(99 100 500 499)
4(100 101 501 500)
4(101 102 502 501)
4(102 103 503 502)
4(103 104 504 503)
4(104 105 505 504)
4(105 106 506 505)
4(106 107 507 506)
4(107 108 508 507)
4(108 109 509 508)
4(109 110 510 509)
4(110 111 511 510)
4(111 112 512 511)
4(112 113 513 512)
4(113 114 514 513)
4(114 115 515 514)
4(115 116 516 515)
4(116 117 517 516)
4(117 118 518 517)
4(118 119 519 518)
4(119 120 520 519)
4(120 121 521 520)
4(121 122 522 521)
4(122 123 523 522)
4(123 124 524 523)
4(124 125 525 524)
4(125 126 526 525)
4(126 127 527 526)
4(127 128 528 527)
4(128 129 529 528)
4(129 130 530 529)
4(130 131 531 530)
4(131 132 532 531)
4(132 133 533 532)
4(133 134 534 533)
4(134 135 535 534)
4(135 136 536 535)
4(136 137 537 536)
4(137 138 538 537)
4(138 139 539 538)
4(139 140 540 539)
4(140 141 541 540)
4(141 142 542 541)
4(142 143 543 542)
4(143 144 544 543)
4(144 145 545 544)
4(145 146 546 545)
4(146 147 547 546)
4(147 148 548 547)
4(148 149 549 548)
4(149 150 550 549)
4(150 151 551 550)
4(151 152 552 551)
4(152 153 553 552)
4(153 154 554 553)
4(154 155 555 554)
4(155 156 556 555)
4(156 157 557 556)
4(157 158 558 557)
4(158 159 559 558)
4(159 160 560 559)
4(160 161 561 560)
4(161 162 562 561)
4(162 163 563 562)
4(163 164 564 563)
4(164 165 565 564)
4(165 166 566 565)
4(166 167 567 566)
4(167 168 568 567)
4(168 169 569 568)
4(169 170 570 569)
4(170 171 571 570)
4(171 172 572 571)
4(172 173 573 572)
4(173 174 574 573)
4(174 175 575 574)
4(175 176 576 575)
4(176 177 577 576)
4(177 178 578 577)
4(178 179 579 578)
4(179 180 580 579)
4(180 181 581 580)
4(181 182 582 581)
4(182 183 583 582)
4(183 184 584 583)
4(184 185 585 584)
4(185 186 586 585)
4(186 187 587 586)
4(187 188 588 587)
4(188 189 589 588)
4(189 190 590 589)
4(190 191 591 590)
4(191 192 592 591)
4(192 193 593 592)
4(193 194 594 593)
4(194 195 595 594)
4(195 196 596 595)
4(196 197 597 596)
4(197 198 598 597)
4(198 199 599 598)
4(0 200 201 1)
4(1 201 202 2)
4(2 202 203 3)
4(3 203 204 4)
4(4 204 205 5)
4(5 205 206 6)
4(6 206 207 7)
4(7 207 208 8)
4(8 208 209 9)
4(9 209 210 10)
4(10 210 211 11)
4(11 211 212 12)
4(12 212 213 13)
4(13 213 214 14)
4(14 214 215 15)
4(15 215 216 16)
4(16 216 217 17)
4(17 217 218 18)
4(18 218 219 19)
4(19 219 220 20)
4(20 220 221 21)
4(21 221 222 22)
4(22 222 223 23)
4(23 223 224 24)
4(24 224 225 25)
4(25 225 226 26)
4(26 226 227 27)
4(27 227 228 28)
4(28 228 229 29)
4(29 229 230 30)
4(30 230 231 31)
4(31 231 232 32)
4(32 232 233 33)
4(33 233 234 34)
4(34 234 235 35)
4(35 235 236 36)
4(36 236 237 37)
4(37 237 238 38)
4(38 238 239 39)
4(39 239 240 40)
4(40 240 241 41)
4(41 241 242 42)
4(42 242 243 43)
4(43 243 244 44)
4(44 244 245 45)
4(45 245 246 46)
4(46 246 247 47)
4(47 247 248 48)
4(48 248 249 49)
4(49 249 250 50)
4(50 250 251 51)
4(51 251 252 52)
4(52 252 253 53)
4(53 253 254 54)
4(54 254 255 55)
4(55 255 256 56)
4(56 256 257 57)
4(57 257 258 58)
4(58 258 259 59)
4(59 259 260 60)
4(60 260 261 61)
4(61 261 262 62)
4(62 262 263 63)
4(63 263 264 64)
4(64 264 265 65)
4(65 265 266 66)
4(66 266 267 67)
4(67 267 268 68)
4(68 268 269 69)
4(69 269 270 70)
4(70 270 271 71)
4(71 271 272 72)
4(72 272 273 73)
4(73 273 274 74)
4(74 274 275 75)
4(75 275 276 76)
4(76 276 277 77)
4(77 277 278 78)
4(78 278 279 79)
4(79 279 280 80)
4(80 280 281 81)
4(81 281 282 82)
4(82 282 283 83)
4(83 283 284 84)
4(84 284 285 85)
4(85 285 286 86)
4(86 286 287 87)
4(87 287 288 88)
4(88 288 289 89)
4(89 289 290 90)
4(90 290 291 91)
4(91 291 292 92)
4(92 292 293 93)
4(93 293 294 94)
4(94 294 295 95)
4(95 295 296 96)
4(96 296 297 97)
4(97 297 298 98)
4(98 298 299 99)
4(99 299 300 100)
4(100 300 301 101)
4(101 301 302 102)
4(102 302 303 103)
4(103 303 304 104)
4(104 304 305 105)
4(105 305 306 106)
4(106 306 307 107)
4(107 307 308 108)
4(108 308 309 109)
4(109 309 310 110)
4(110 310 311 111)
4(111 311 312 112)
4(112 312 313 113)
4(113 313 314 114)
4(114 314 315 115)
4(115 315 316 116)
4(116 316 317 117)
4(117 317 318 118)
4(118 318 319 119)
4(119 319 320 120)
4(120 320 321 121)
4(121 321 322 122)
4(122 322 323 123)
4(123 323 324 124)
4(124 324 325 125)
4(125 325 326 126)
4(126 326 327 127)
4(127 327 328 128)
4(128 328 329 129)
4(129 329 330 130)
4(130 330 331 131)
4(131 331 332 132)
4(132 332 333 133)
4(133 333 334 134)
4(134 334 335 135)
4(135 335 336 136)
4(136 336 337 137)
4(137 337 338 138)
4(138 338 339 139)
4(139 339 340 140)
4(140 340 341 141)
4(141 341 342 142)
4(142 342 343 143)
4(143 343 344 144)
4(144 344 345 145)
4(145 345 346 146)
4(146 346 347 147)
4(147 347 348 148)
4(148 348 349 149)
4(149 349 350 150)
4(150 350 351 151)
4(151 351 352 152)
4(152 352 353 153)
4(153 353 354 154)
4(154 354 355 155)
4(155 355 356 156)
4(156 356 357 157)
4(157 357 358 158)
4(158 358 359 159)
4(159 359 360 160)
4(160 360 361 161)
4(161 361 362 162)
4(162 362 363 163)
4(163 363 364 164)
4(164 364 365 165)
4(165 365 366 166)
4(166 366 367 167)
4(167 367 368 168)
4(168 368 369 169)
4(169 369 370 170)
4(170 370 371 171)
4(171 371 372 172)
4(172 372 373 173)
4(173 373 374 174)
4(174 374 375 175)
4(175 375 376 176)
4(176 376 377 177)
4(177 377 378 178)
4(178 378 379 179)
4(179 379 380 180)
4(180 380 381 181)
4(181 381 382 182)
4(182 382 383 183)
4(183 383 384 184)
4(184 384 385 185)
4(185 385 386 186)
4(186 386 387 187)
4(187 387 388 188)
4(188 388 389 189)
4(189 389 390 190)
4(190 390 391 191)
4(191 391 392 192)
4(192 392 393 193)
4(193 393 394 194)
4(194 394 395 195)
4(195 395 396 196)
4(196 396 397 197)
4(197 397 398 198)
4(198 398 399 199)
4(400 401 601 600)
4(401 402 602 601)
4(402 403 603 602)
4(403 404 604 603)
4(404 405 605 604)
4(405 406 606 605)
4(406 407 607 606)
4(407 408 608 607)
4(408 409 609 608)
4(409 410 610 609)
4(410 411 611 610)
4(411 412 612 611)
4(412 413 613 612)
4(413 414 614 613)
4(414 415 615 614)
4(415 416 616 615)
4(416 417 617 616)
4(417 418 618 617)
4(418 419 619 618)
4(419 420 620 619)
4(420 421 621 620)
4(421 422 622 621)
4(422 423 623 622)
4(423 424 624 623)
4(424 425 625 624)
4(425 426 626 625)
4(426 427 627 626)
4(427 428 628 627)
4(428 429 629 628)
4(429 430 630 629)
4(430 431 631 630)
4(431 432 632 631)
4(432 433 633 632)
4(433 434 634 633)
4(434 435 635 634)
4(435 436 636 635)
4(436 437 637 636)
4(437 438 638 637)
4(438 439 639 638)
4(439 440 640 639)
4(440 441 641 640)
4(441 442 642 641)
4(442 443 643 642)
4(443 444 644 643)
4(444 445 645 644)
4(445 446 646 645)
4(446 447 647 646)
4(447 448 648 647)
4(448 449 649 648)
4(449 450 650 649)
4(450 451 651 650)
4(451 452 652 651)
4(452 453 653 652)
4(453 454 654 653)
4(454 455 655 654)
4(455 456 656 655)
4(456 457 657 656)
4(457 458 658 657)
4(458 459 659 658)
4(459 460 660 659)
4(460 461 661 660)
4(461 462 662 661)
4(462 463 663 662)
4(463 464 664 663)
4(464 465 665 664)
4(465 466 666 665)
4(466 467 667 666)
4(467 468 668 667)
4(468 469 669 668)
4(469 470 670 669)
4(470 471 671 670)
4(471 472 672 671)
4(472 473 673 672)
4(473 474 674 673)
4(474 475 675 674)
4(475 476 676 675)
4(476 477 677 676)
4(477 478 678 677)
4(478 479 679 678)
4(479 480 680 679)
4(480 481 681 680)
4(481 482 682 681)
4(482 483 683 682)
4(483 484 684 683)
4(484 485 685 684)
4(485 486 686 685)
4(486 487 687 686)
4(487 488 688 687)
4(488 489 689 688)
4(489 490 690 689)
4(490 491 691 690)
4(491 492 692 691)
4(492 493 693 692)
4(493 494 694 693)
4(494 495 695 694)
4(495 496 696 695)
4(496 497 697 696)
4(497 498 698 697)
4(498 499 699 698)
4(499 500 700 699)
4(500 501 701 700)
4(501 502 702 701)
4(502 503 703 702)
4(503 504 704 703)
4(504 505 705 704)
4(505 506 706 705)
4(506 507 707 706)
4(507 508 708 707)
4(508 509 709 708)
4(509 510 710 709)
4(510 511 711 710)
4(511 512 712 711)
4(512 513 713 712)
4(513 514 714 713)
4(514 515 715 714)
4(515 516 716 715)
4(516 517 717 716)
4(517 518 718 717)
4(518 519 719 718)
4(519 520 720 719)
4(520 521 721 720)
4(521 522 722 721)
4(522 523 723 722)
4(523 524 724 723)
4(524 525 725 724)
4(525 526 726 725)
4(526 527 727 726)
4(527 528 728 727)
4(528 529 729 728)
4(529 530 730 729)
4(530 531 731 730)
4(531 532 732 731)
4(532 533 733 732)
4(533 534 734 733)
4(534 535 735 734)
4(535 536 736 735)
4(536 537 737 736)
4(537 538 738 737)
4(538 539 739 738)
4(539 540 740 739)
4(540 541 741 740)
4(541 542 742 741)
4(542 543 743 742)
4(543 544 744 743)
4(544 545 745 744)
4(545 546 746 745)
4(546 547 747 746)
4(547 548 748 747)
4(548 549 749 748)
4(549 550 750 749)
4(550 551 751 750)
4(551 552 752 751)
4(552 553 753 752)
4(553 554 754 753)
4(554 555 755 754)
4(555 556 756 755)
4(556 557 757 756)
4(557 558 758 757)
4(558 559 759 758)
4(559 560 760 759)
4(560 561 761 760)
4(561 562 762 761)
4(562 563 763 762)
4(563 564 764 763)
4(564 565 765 764)
4(565 566 766 765)
4(566 567 767 766)
4(567 568 768 767)
4(568 569 769 768)
4(569 570 770 769)
4(570 571 771 770)
4(571 572 772 771)
4(572 573 773 772)
4(573 574 774 773)
4(574 575 775 774)
4(575 576 776 775)
4(576 577 777 776)
4(577 578 778 777)
4(578 579 779 778)
4(579 580 780 779)
4(580 581 781 780)
4(581 582 782 781)
4(582 583 783 782)
4(583 584 784 783)
4(584 585 785 784)
4(585 586 786 785)
4(586 587 787 786)
4(587 588 788 787)
4(588 589 789 788)
4(589 590 790 789)
4(590 591 791 790)
4(591 592 792 791)
4(592 593 793 792)
4(593 594 794 793)
4(594 595 795 794)
4(595 596 796 795)
4(596 597 797 796)
4(597 598 798 797)
4(598 599 799 798)
)


// ************************************************************************* //
