/*--------------------------------*- C++ -*----------------------------------*\
| =========                 |                                                 |
| \\      /  F ield         | OpenFOAM: The Open Source CFD Toolbox           |
|  \\    /   O peration     | Version:  v1906                                 |
|   \\  /    A nd           | Web:      www.OpenFOAM.com                      |
|    \\/     M anipulation  |                                                 |
\*---------------------------------------------------------------------------*/
FoamFile
{
    version     2.0;
    format      ascii;
    class       vectorField;
    location    "constant/nonLinearZone/polyMesh";
    object      points;
}
// * * * * * * * * * * * * * * * * * * * * * * * * * * * * * * * * * * * * * //


800
(
(-24.75 -0.5 -0.5)
(-24.5 -0.5 -0.5)
(-24.25 -0.5 -0.5)
(-24 -0.5 -0.5)
(-23.75 -0.5 -0.5)
(-23.5 -0.5 -0.5)
(-23.25 -0.5 -0.5)
(-23 -0.5 -0.5)
(-22.75 -0.5 -0.5)
(-22.5 -0.5 -0.5)
(-22.25 -0.5 -0.5)
(-22 -0.5 -0.5)
(-21.75 -0.5 -0.5)
(-21.5 -0.5 -0.5)
(-21.25 -0.5 -0.5)
(-21 -0.5 -0.5)
(-20.75 -0.5 -0.5)
(-20.5 -0.5 -0.5)
(-20.25 -0.5 -0.5)
(-20 -0.5 -0.5)
(-19.75 -0.5 -0.5)
(-19.5 -0.5 -0.5)
(-19.25 -0.5 -0.5)
(-19 -0.5 -0.5)
(-18.75 -0.5 -0.5)
(-18.5 -0.5 -0.5)
(-18.25 -0.5 -0.5)
(-18 -0.5 -0.5)
(-17.75 -0.5 -0.5)
(-17.5 -0.5 -0.5)
(-17.25 -0.5 -0.5)
(-17 -0.5 -0.5)
(-16.75 -0.5 -0.5)
(-16.5 -0.5 -0.5)
(-16.25 -0.5 -0.5)
(-16 -0.5 -0.5)
(-15.75 -0.5 -0.5)
(-15.5 -0.5 -0.5)
(-15.25 -0.5 -0.5)
(-15 -0.5 -0.5)
(-14.75 -0.5 -0.5)
(-14.5 -0.5 -0.5)
(-14.25 -0.5 -0.5)
(-14 -0.5 -0.5)
(-13.75 -0.5 -0.5)
(-13.5 -0.5 -0.5)
(-13.25 -0.5 -0.5)
(-13 -0.5 -0.5)
(-12.75 -0.5 -0.5)
(-12.5 -0.5 -0.5)
(-12.25 -0.5 -0.5)
(-12 -0.5 -0.5)
(-11.75 -0.5 -0.5)
(-11.5 -0.5 -0.5)
(-11.25 -0.5 -0.5)
(-11 -0.5 -0.5)
(-10.75 -0.5 -0.5)
(-10.5 -0.5 -0.5)
(-10.25 -0.5 -0.5)
(-10 -0.5 -0.5)
(-9.75 -0.5 -0.5)
(-9.5 -0.5 -0.5)
(-9.25 -0.5 -0.5)
(-9 -0.5 -0.5)
(-8.75 -0.5 -0.5)
(-8.5 -0.5 -0.5)
(-8.25 -0.5 -0.5)
(-8 -0.5 -0.5)
(-7.75 -0.5 -0.5)
(-7.5 -0.5 -0.5)
(-7.25 -0.5 -0.5)
(-7 -0.5 -0.5)
(-6.75 -0.5 -0.5)
(-6.5 -0.5 -0.5)
(-6.25 -0.5 -0.5)
(-6 -0.5 -0.5)
(-5.75 -0.5 -0.5)
(-5.5 -0.5 -0.5)
(-5.25 -0.5 -0.5)
(-5 -0.5 -0.5)
(-4.75 -0.5 -0.5)
(-4.5 -0.5 -0.5)
(-4.25 -0.5 -0.5)
(-4 -0.5 -0.5)
(-3.75 -0.5 -0.5)
(-3.5 -0.5 -0.5)
(-3.25 -0.5 -0.5)
(-3 -0.5 -0.5)
(-2.75 -0.5 -0.5)
(-2.5 -0.5 -0.5)
(-2.25 -0.5 -0.5)
(-2 -0.5 -0.5)
(-1.75 -0.5 -0.5)
(-1.5 -0.5 -0.5)
(-1.25 -0.5 -0.5)
(-1 -0.5 -0.5)
(-0.75 -0.5 -0.5)
(-0.5 -0.5 -0.5)
(-0.25 -0.5 -0.5)
(0 -0.5 -0.5)
(0.25 -0.5 -0.5)
(0.5 -0.5 -0.5)
(0.75 -0.5 -0.5)
(1 -0.5 -0.5)
(1.25 -0.5 -0.5)
(1.5 -0.5 -0.5)
(1.75 -0.5 -0.5)
(2 -0.5 -0.5)
(2.25 -0.5 -0.5)
(2.5 -0.5 -0.5)
(2.75 -0.5 -0.5)
(3 -0.5 -0.5)
(3.25 -0.5 -0.5)
(3.5 -0.5 -0.5)
(3.75 -0.5 -0.5)
(4 -0.5 -0.5)
(4.25 -0.5 -0.5)
(4.5 -0.5 -0.5)
(4.75 -0.5 -0.5)
(5 -0.5 -0.5)
(5.25 -0.5 -0.5)
(5.5 -0.5 -0.5)
(5.75 -0.5 -0.5)
(6 -0.5 -0.5)
(6.25 -0.5 -0.5)
(6.5 -0.5 -0.5)
(6.75 -0.5 -0.5)
(7 -0.5 -0.5)
(7.25 -0.5 -0.5)
(7.5 -0.5 -0.5)
(7.75 -0.5 -0.5)
(8 -0.5 -0.5)
(8.25 -0.5 -0.5)
(8.5 -0.5 -0.5)
(8.75 -0.5 -0.5)
(9 -0.5 -0.5)
(9.25 -0.5 -0.5)
(9.5 -0.5 -0.5)
(9.75 -0.5 -0.5)
(10 -0.5 -0.5)
(10.25 -0.5 -0.5)
(10.5 -0.5 -0.5)
(10.75 -0.5 -0.5)
(11 -0.5 -0.5)
(11.25 -0.5 -0.5)
(11.5 -0.5 -0.5)
(11.75 -0.5 -0.5)
(12 -0.5 -0.5)
(12.25 -0.5 -0.5)
(12.5 -0.5 -0.5)
(12.75 -0.5 -0.5)
(13 -0.5 -0.5)
(13.25 -0.5 -0.5)
(13.5 -0.5 -0.5)
(13.75 -0.5 -0.5)
(14 -0.5 -0.5)
(14.25 -0.5 -0.5)
(14.5 -0.5 -0.5)
(14.75 -0.5 -0.5)
(15 -0.5 -0.5)
(15.25 -0.5 -0.5)
(15.5 -0.5 -0.5)
(15.75 -0.5 -0.5)
(16 -0.5 -0.5)
(16.25 -0.5 -0.5)
(16.5 -0.5 -0.5)
(16.75 -0.5 -0.5)
(17 -0.5 -0.5)
(17.25 -0.5 -0.5)
(17.5 -0.5 -0.5)
(17.75 -0.5 -0.5)
(18 -0.5 -0.5)
(18.25 -0.5 -0.5)
(18.5 -0.5 -0.5)
(18.75 -0.5 -0.5)
(19 -0.5 -0.5)
(19.25 -0.5 -0.5)
(19.5 -0.5 -0.5)
(19.75 -0.5 -0.5)
(20 -0.5 -0.5)
(20.25 -0.5 -0.5)
(20.5 -0.5 -0.5)
(20.75 -0.5 -0.5)
(21 -0.5 -0.5)
(21.25 -0.5 -0.5)
(21.5 -0.5 -0.5)
(21.75 -0.5 -0.5)
(22 -0.5 -0.5)
(22.25 -0.5 -0.5)
(22.5 -0.5 -0.5)
(22.75 -0.5 -0.5)
(23 -0.5 -0.5)
(23.25 -0.5 -0.5)
(23.5 -0.5 -0.5)
(23.75 -0.5 -0.5)
(24 -0.5 -0.5)
(24.25 -0.5 -0.5)
(24.5 -0.5 -0.5)
(24.75 -0.5 -0.5)
(25 -0.5 -0.5)
(-24.75 0.5 -0.5)
(-24.5 0.5 -0.5)
(-24.25 0.5 -0.5)
(-24 0.5 -0.5)
(-23.75 0.5 -0.5)
(-23.5 0.5 -0.5)
(-23.25 0.5 -0.5)
(-23 0.5 -0.5)
(-22.75 0.5 -0.5)
(-22.5 0.5 -0.5)
(-22.25 0.5 -0.5)
(-22 0.5 -0.5)
(-21.75 0.5 -0.5)
(-21.5 0.5 -0.5)
(-21.25 0.5 -0.5)
(-21 0.5 -0.5)
(-20.75 0.5 -0.5)
(-20.5 0.5 -0.5)
(-20.25 0.5 -0.5)
(-20 0.5 -0.5)
(-19.75 0.5 -0.5)
(-19.5 0.5 -0.5)
(-19.25 0.5 -0.5)
(-19 0.5 -0.5)
(-18.75 0.5 -0.5)
(-18.5 0.5 -0.5)
(-18.25 0.5 -0.5)
(-18 0.5 -0.5)
(-17.75 0.5 -0.5)
(-17.5 0.5 -0.5)
(-17.25 0.5 -0.5)
(-17 0.5 -0.5)
(-16.75 0.5 -0.5)
(-16.5 0.5 -0.5)
(-16.25 0.5 -0.5)
(-16 0.5 -0.5)
(-15.75 0.5 -0.5)
(-15.5 0.5 -0.5)
(-15.25 0.5 -0.5)
(-15 0.5 -0.5)
(-14.75 0.5 -0.5)
(-14.5 0.5 -0.5)
(-14.25 0.5 -0.5)
(-14 0.5 -0.5)
(-13.75 0.5 -0.5)
(-13.5 0.5 -0.5)
(-13.25 0.5 -0.5)
(-13 0.5 -0.5)
(-12.75 0.5 -0.5)
(-12.5 0.5 -0.5)
(-12.25 0.5 -0.5)
(-12 0.5 -0.5)
(-11.75 0.5 -0.5)
(-11.5 0.5 -0.5)
(-11.25 0.5 -0.5)
(-11 0.5 -0.5)
(-10.75 0.5 -0.5)
(-10.5 0.5 -0.5)
(-10.25 0.5 -0.5)
(-10 0.5 -0.5)
(-9.75 0.5 -0.5)
(-9.5 0.5 -0.5)
(-9.25 0.5 -0.5)
(-9 0.5 -0.5)
(-8.75 0.5 -0.5)
(-8.5 0.5 -0.5)
(-8.25 0.5 -0.5)
(-8 0.5 -0.5)
(-7.75 0.5 -0.5)
(-7.5 0.5 -0.5)
(-7.25 0.5 -0.5)
(-7 0.5 -0.5)
(-6.75 0.5 -0.5)
(-6.5 0.5 -0.5)
(-6.25 0.5 -0.5)
(-6 0.5 -0.5)
(-5.75 0.5 -0.5)
(-5.5 0.5 -0.5)
(-5.25 0.5 -0.5)
(-5 0.5 -0.5)
(-4.75 0.5 -0.5)
(-4.5 0.5 -0.5)
(-4.25 0.5 -0.5)
(-4 0.5 -0.5)
(-3.75 0.5 -0.5)
(-3.5 0.5 -0.5)
(-3.25 0.5 -0.5)
(-3 0.5 -0.5)
(-2.75 0.5 -0.5)
(-2.5 0.5 -0.5)
(-2.25 0.5 -0.5)
(-2 0.5 -0.5)
(-1.75 0.5 -0.5)
(-1.5 0.5 -0.5)
(-1.25 0.5 -0.5)
(-1 0.5 -0.5)
(-0.75 0.5 -0.5)
(-0.5 0.5 -0.5)
(-0.25 0.5 -0.5)
(0 0.5 -0.5)
(0.25 0.5 -0.5)
(0.5 0.5 -0.5)
(0.75 0.5 -0.5)
(1 0.5 -0.5)
(1.25 0.5 -0.5)
(1.5 0.5 -0.5)
(1.75 0.5 -0.5)
(2 0.5 -0.5)
(2.25 0.5 -0.5)
(2.5 0.5 -0.5)
(2.75 0.5 -0.5)
(3 0.5 -0.5)
(3.25 0.5 -0.5)
(3.5 0.5 -0.5)
(3.75 0.5 -0.5)
(4 0.5 -0.5)
(4.25 0.5 -0.5)
(4.5 0.5 -0.5)
(4.75 0.5 -0.5)
(5 0.5 -0.5)
(5.25 0.5 -0.5)
(5.5 0.5 -0.5)
(5.75 0.5 -0.5)
(6 0.5 -0.5)
(6.25 0.5 -0.5)
(6.5 0.5 -0.5)
(6.75 0.5 -0.5)
(7 0.5 -0.5)
(7.25 0.5 -0.5)
(7.5 0.5 -0.5)
(7.75 0.5 -0.5)
(8 0.5 -0.5)
(8.25 0.5 -0.5)
(8.5 0.5 -0.5)
(8.75 0.5 -0.5)
(9 0.5 -0.5)
(9.25 0.5 -0.5)
(9.5 0.5 -0.5)
(9.75 0.5 -0.5)
(10 0.5 -0.5)
(10.25 0.5 -0.5)
(10.5 0.5 -0.5)
(10.75 0.5 -0.5)
(11 0.5 -0.5)
(11.25 0.5 -0.5)
(11.5 0.5 -0.5)
(11.75 0.5 -0.5)
(12 0.5 -0.5)
(12.25 0.5 -0.5)
(12.5 0.5 -0.5)
(12.75 0.5 -0.5)
(13 0.5 -0.5)
(13.25 0.5 -0.5)
(13.5 0.5 -0.5)
(13.75 0.5 -0.5)
(14 0.5 -0.5)
(14.25 0.5 -0.5)
(14.5 0.5 -0.5)
(14.75 0.5 -0.5)
(15 0.5 -0.5)
(15.25 0.5 -0.5)
(15.5 0.5 -0.5)
(15.75 0.5 -0.5)
(16 0.5 -0.5)
(16.25 0.5 -0.5)
(16.5 0.5 -0.5)
(16.75 0.5 -0.5)
(17 0.5 -0.5)
(17.25 0.5 -0.5)
(17.5 0.5 -0.5)
(17.75 0.5 -0.5)
(18 0.5 -0.5)
(18.25 0.5 -0.5)
(18.5 0.5 -0.5)
(18.75 0.5 -0.5)
(19 0.5 -0.5)
(19.25 0.5 -0.5)
(19.5 0.5 -0.5)
(19.75 0.5 -0.5)
(20 0.5 -0.5)
(20.25 0.5 -0.5)
(20.5 0.5 -0.5)
(20.75 0.5 -0.5)
(21 0.5 -0.5)
(21.25 0.5 -0.5)
(21.5 0.5 -0.5)
(21.75 0.5 -0.5)
(22 0.5 -0.5)
(22.25 0.5 -0.5)
(22.5 0.5 -0.5)
(22.75 0.5 -0.5)
(23 0.5 -0.5)
(23.25 0.5 -0.5)
(23.5 0.5 -0.5)
(23.75 0.5 -0.5)
(24 0.5 -0.5)
(24.25 0.5 -0.5)
(24.5 0.5 -0.5)
(24.75 0.5 -0.5)
(25 0.5 -0.5)
(-24.75 -0.5 0.5)
(-24.5 -0.5 0.5)
(-24.25 -0.5 0.5)
(-24 -0.5 0.5)
(-23.75 -0.5 0.5)
(-23.5 -0.5 0.5)
(-23.25 -0.5 0.5)
(-23 -0.5 0.5)
(-22.75 -0.5 0.5)
(-22.5 -0.5 0.5)
(-22.25 -0.5 0.5)
(-22 -0.5 0.5)
(-21.75 -0.5 0.5)
(-21.5 -0.5 0.5)
(-21.25 -0.5 0.5)
(-21 -0.5 0.5)
(-20.75 -0.5 0.5)
(-20.5 -0.5 0.5)
(-20.25 -0.5 0.5)
(-20 -0.5 0.5)
(-19.75 -0.5 0.5)
(-19.5 -0.5 0.5)
(-19.25 -0.5 0.5)
(-19 -0.5 0.5)
(-18.75 -0.5 0.5)
(-18.5 -0.5 0.5)
(-18.25 -0.5 0.5)
(-18 -0.5 0.5)
(-17.75 -0.5 0.5)
(-17.5 -0.5 0.5)
(-17.25 -0.5 0.5)
(-17 -0.5 0.5)
(-16.75 -0.5 0.5)
(-16.5 -0.5 0.5)
(-16.25 -0.5 0.5)
(-16 -0.5 0.5)
(-15.75 -0.5 0.5)
(-15.5 -0.5 0.5)
(-15.25 -0.5 0.5)
(-15 -0.5 0.5)
(-14.75 -0.5 0.5)
(-14.5 -0.5 0.5)
(-14.25 -0.5 0.5)
(-14 -0.5 0.5)
(-13.75 -0.5 0.5)
(-13.5 -0.5 0.5)
(-13.25 -0.5 0.5)
(-13 -0.5 0.5)
(-12.75 -0.5 0.5)
(-12.5 -0.5 0.5)
(-12.25 -0.5 0.5)
(-12 -0.5 0.5)
(-11.75 -0.5 0.5)
(-11.5 -0.5 0.5)
(-11.25 -0.5 0.5)
(-11 -0.5 0.5)
(-10.75 -0.5 0.5)
(-10.5 -0.5 0.5)
(-10.25 -0.5 0.5)
(-10 -0.5 0.5)
(-9.75 -0.5 0.5)
(-9.5 -0.5 0.5)
(-9.25 -0.5 0.5)
(-9 -0.5 0.5)
(-8.75 -0.5 0.5)
(-8.5 -0.5 0.5)
(-8.25 -0.5 0.5)
(-8 -0.5 0.5)
(-7.75 -0.5 0.5)
(-7.5 -0.5 0.5)
(-7.25 -0.5 0.5)
(-7 -0.5 0.5)
(-6.75 -0.5 0.5)
(-6.5 -0.5 0.5)
(-6.25 -0.5 0.5)
(-6 -0.5 0.5)
(-5.75 -0.5 0.5)
(-5.5 -0.5 0.5)
(-5.25 -0.5 0.5)
(-5 -0.5 0.5)
(-4.75 -0.5 0.5)
(-4.5 -0.5 0.5)
(-4.25 -0.5 0.5)
(-4 -0.5 0.5)
(-3.75 -0.5 0.5)
(-3.5 -0.5 0.5)
(-3.25 -0.5 0.5)
(-3 -0.5 0.5)
(-2.75 -0.5 0.5)
(-2.5 -0.5 0.5)
(-2.25 -0.5 0.5)
(-2 -0.5 0.5)
(-1.75 -0.5 0.5)
(-1.5 -0.5 0.5)
(-1.25 -0.5 0.5)
(-1 -0.5 0.5)
(-0.75 -0.5 0.5)
(-0.5 -0.5 0.5)
(-0.25 -0.5 0.5)
(0 -0.5 0.5)
(0.25 -0.5 0.5)
(0.5 -0.5 0.5)
(0.75 -0.5 0.5)
(1 -0.5 0.5)
(1.25 -0.5 0.5)
(1.5 -0.5 0.5)
(1.75 -0.5 0.5)
(2 -0.5 0.5)
(2.25 -0.5 0.5)
(2.5 -0.5 0.5)
(2.75 -0.5 0.5)
(3 -0.5 0.5)
(3.25 -0.5 0.5)
(3.5 -0.5 0.5)
(3.75 -0.5 0.5)
(4 -0.5 0.5)
(4.25 -0.5 0.5)
(4.5 -0.5 0.5)
(4.75 -0.5 0.5)
(5 -0.5 0.5)
(5.25 -0.5 0.5)
(5.5 -0.5 0.5)
(5.75 -0.5 0.5)
(6 -0.5 0.5)
(6.25 -0.5 0.5)
(6.5 -0.5 0.5)
(6.75 -0.5 0.5)
(7 -0.5 0.5)
(7.25 -0.5 0.5)
(7.5 -0.5 0.5)
(7.75 -0.5 0.5)
(8 -0.5 0.5)
(8.25 -0.5 0.5)
(8.5 -0.5 0.5)
(8.75 -0.5 0.5)
(9 -0.5 0.5)
(9.25 -0.5 0.5)
(9.5 -0.5 0.5)
(9.75 -0.5 0.5)
(10 -0.5 0.5)
(10.25 -0.5 0.5)
(10.5 -0.5 0.5)
(10.75 -0.5 0.5)
(11 -0.5 0.5)
(11.25 -0.5 0.5)
(11.5 -0.5 0.5)
(11.75 -0.5 0.5)
(12 -0.5 0.5)
(12.25 -0.5 0.5)
(12.5 -0.5 0.5)
(12.75 -0.5 0.5)
(13 -0.5 0.5)
(13.25 -0.5 0.5)
(13.5 -0.5 0.5)
(13.75 -0.5 0.5)
(14 -0.5 0.5)
(14.25 -0.5 0.5)
(14.5 -0.5 0.5)
(14.75 -0.5 0.5)
(15 -0.5 0.5)
(15.25 -0.5 0.5)
(15.5 -0.5 0.5)
(15.75 -0.5 0.5)
(16 -0.5 0.5)
(16.25 -0.5 0.5)
(16.5 -0.5 0.5)
(16.75 -0.5 0.5)
(17 -0.5 0.5)
(17.25 -0.5 0.5)
(17.5 -0.5 0.5)
(17.75 -0.5 0.5)
(18 -0.5 0.5)
(18.25 -0.5 0.5)
(18.5 -0.5 0.5)
(18.75 -0.5 0.5)
(19 -0.5 0.5)
(19.25 -0.5 0.5)
(19.5 -0.5 0.5)
(19.75 -0.5 0.5)
(20 -0.5 0.5)
(20.25 -0.5 0.5)
(20.5 -0.5 0.5)
(20.75 -0.5 0.5)
(21 -0.5 0.5)
(21.25 -0.5 0.5)
(21.5 -0.5 0.5)
(21.75 -0.5 0.5)
(22 -0.5 0.5)
(22.25 -0.5 0.5)
(22.5 -0.5 0.5)
(22.75 -0.5 0.5)
(23 -0.5 0.5)
(23.25 -0.5 0.5)
(23.5 -0.5 0.5)
(23.75 -0.5 0.5)
(24 -0.5 0.5)
(24.25 -0.5 0.5)
(24.5 -0.5 0.5)
(24.75 -0.5 0.5)
(25 -0.5 0.5)
(-24.75 0.5 0.5)
(-24.5 0.5 0.5)
(-24.25 0.5 0.5)
(-24 0.5 0.5)
(-23.75 0.5 0.5)
(-23.5 0.5 0.5)
(-23.25 0.5 0.5)
(-23 0.5 0.5)
(-22.75 0.5 0.5)
(-22.5 0.5 0.5)
(-22.25 0.5 0.5)
(-22 0.5 0.5)
(-21.75 0.5 0.5)
(-21.5 0.5 0.5)
(-21.25 0.5 0.5)
(-21 0.5 0.5)
(-20.75 0.5 0.5)
(-20.5 0.5 0.5)
(-20.25 0.5 0.5)
(-20 0.5 0.5)
(-19.75 0.5 0.5)
(-19.5 0.5 0.5)
(-19.25 0.5 0.5)
(-19 0.5 0.5)
(-18.75 0.5 0.5)
(-18.5 0.5 0.5)
(-18.25 0.5 0.5)
(-18 0.5 0.5)
(-17.75 0.5 0.5)
(-17.5 0.5 0.5)
(-17.25 0.5 0.5)
(-17 0.5 0.5)
(-16.75 0.5 0.5)
(-16.5 0.5 0.5)
(-16.25 0.5 0.5)
(-16 0.5 0.5)
(-15.75 0.5 0.5)
(-15.5 0.5 0.5)
(-15.25 0.5 0.5)
(-15 0.5 0.5)
(-14.75 0.5 0.5)
(-14.5 0.5 0.5)
(-14.25 0.5 0.5)
(-14 0.5 0.5)
(-13.75 0.5 0.5)
(-13.5 0.5 0.5)
(-13.25 0.5 0.5)
(-13 0.5 0.5)
(-12.75 0.5 0.5)
(-12.5 0.5 0.5)
(-12.25 0.5 0.5)
(-12 0.5 0.5)
(-11.75 0.5 0.5)
(-11.5 0.5 0.5)
(-11.25 0.5 0.5)
(-11 0.5 0.5)
(-10.75 0.5 0.5)
(-10.5 0.5 0.5)
(-10.25 0.5 0.5)
(-10 0.5 0.5)
(-9.75 0.5 0.5)
(-9.5 0.5 0.5)
(-9.25 0.5 0.5)
(-9 0.5 0.5)
(-8.75 0.5 0.5)
(-8.5 0.5 0.5)
(-8.25 0.5 0.5)
(-8 0.5 0.5)
(-7.75 0.5 0.5)
(-7.5 0.5 0.5)
(-7.25 0.5 0.5)
(-7 0.5 0.5)
(-6.75 0.5 0.5)
(-6.5 0.5 0.5)
(-6.25 0.5 0.5)
(-6 0.5 0.5)
(-5.75 0.5 0.5)
(-5.5 0.5 0.5)
(-5.25 0.5 0.5)
(-5 0.5 0.5)
(-4.75 0.5 0.5)
(-4.5 0.5 0.5)
(-4.25 0.5 0.5)
(-4 0.5 0.5)
(-3.75 0.5 0.5)
(-3.5 0.5 0.5)
(-3.25 0.5 0.5)
(-3 0.5 0.5)
(-2.75 0.5 0.5)
(-2.5 0.5 0.5)
(-2.25 0.5 0.5)
(-2 0.5 0.5)
(-1.75 0.5 0.5)
(-1.5 0.5 0.5)
(-1.25 0.5 0.5)
(-1 0.5 0.5)
(-0.75 0.5 0.5)
(-0.5 0.5 0.5)
(-0.25 0.5 0.5)
(0 0.5 0.5)
(0.25 0.5 0.5)
(0.5 0.5 0.5)
(0.75 0.5 0.5)
(1 0.5 0.5)
(1.25 0.5 0.5)
(1.5 0.5 0.5)
(1.75 0.5 0.5)
(2 0.5 0.5)
(2.25 0.5 0.5)
(2.5 0.5 0.5)
(2.75 0.5 0.5)
(3 0.5 0.5)
(3.25 0.5 0.5)
(3.5 0.5 0.5)
(3.75 0.5 0.5)
(4 0.5 0.5)
(4.25 0.5 0.5)
(4.5 0.5 0.5)
(4.75 0.5 0.5)
(5 0.5 0.5)
(5.25 0.5 0.5)
(5.5 0.5 0.5)
(5.75 0.5 0.5)
(6 0.5 0.5)
(6.25 0.5 0.5)
(6.5 0.5 0.5)
(6.75 0.5 0.5)
(7 0.5 0.5)
(7.25 0.5 0.5)
(7.5 0.5 0.5)
(7.75 0.5 0.5)
(8 0.5 0.5)
(8.25 0.5 0.5)
(8.5 0.5 0.5)
(8.75 0.5 0.5)
(9 0.5 0.5)
(9.25 0.5 0.5)
(9.5 0.5 0.5)
(9.75 0.5 0.5)
(10 0.5 0.5)
(10.25 0.5 0.5)
(10.5 0.5 0.5)
(10.75 0.5 0.5)
(11 0.5 0.5)
(11.25 0.5 0.5)
(11.5 0.5 0.5)
(11.75 0.5 0.5)
(12 0.5 0.5)
(12.25 0.5 0.5)
(12.5 0.5 0.5)
(12.75 0.5 0.5)
(13 0.5 0.5)
(13.25 0.5 0.5)
(13.5 0.5 0.5)
(13.75 0.5 0.5)
(14 0.5 0.5)
(14.25 0.5 0.5)
(14.5 0.5 0.5)
(14.75 0.5 0.5)
(15 0.5 0.5)
(15.25 0.5 0.5)
(15.5 0.5 0.5)
(15.75 0.5 0.5)
(16 0.5 0.5)
(16.25 0.5 0.5)
(16.5 0.5 0.5)
(16.75 0.5 0.5)
(17 0.5 0.5)
(17.25 0.5 0.5)
(17.5 0.5 0.5)
(17.75 0.5 0.5)
(18 0.5 0.5)
(18.25 0.5 0.5)
(18.5 0.5 0.5)
(18.75 0.5 0.5)
(19 0.5 0.5)
(19.25 0.5 0.5)
(19.5 0.5 0.5)
(19.75 0.5 0.5)
(20 0.5 0.5)
(20.25 0.5 0.5)
(20.5 0.5 0.5)
(20.75 0.5 0.5)
(21 0.5 0.5)
(21.25 0.5 0.5)
(21.5 0.5 0.5)
(21.75 0.5 0.5)
(22 0.5 0.5)
(22.25 0.5 0.5)
(22.5 0.5 0.5)
(22.75 0.5 0.5)
(23 0.5 0.5)
(23.25 0.5 0.5)
(23.5 0.5 0.5)
(23.75 0.5 0.5)
(24 0.5 0.5)
(24.25 0.5 0.5)
(24.5 0.5 0.5)
(24.75 0.5 0.5)
(25 0.5 0.5)
)


// ************************************************************************* //
