/*--------------------------------*- C++ -*----------------------------------*\
| =========                 |                                                 |
| \\      /  F ield         | OpenFOAM: The Open Source CFD Toolbox           |
|  \\    /   O peration     | Version:  v1906                                 |
|   \\  /    A nd           | Web:      www.OpenFOAM.com                      |
|    \\/     M anipulation  |                                                 |
\*---------------------------------------------------------------------------*/
FoamFile
{
    version     2.0;
    format      ascii;
    class       vectorField;
    location    "constant/polyMesh";
    object      points;
}
// * * * * * * * * * * * * * * * * * * * * * * * * * * * * * * * * * * * * * //


6008
(
(-50 -0.5 -0.5)
(-49.9 -0.5 -0.5)
(-49.8 -0.5 -0.5)
(-49.7 -0.5 -0.5)
(-49.6 -0.5 -0.5)
(-49.5 -0.5 -0.5)
(-49.4 -0.5 -0.5)
(-49.3 -0.5 -0.5)
(-49.2 -0.5 -0.5)
(-49.1 -0.5 -0.5)
(-49 -0.5 -0.5)
(-48.9 -0.5 -0.5)
(-48.8 -0.5 -0.5)
(-48.7 -0.5 -0.5)
(-48.6 -0.5 -0.5)
(-48.5 -0.5 -0.5)
(-48.4 -0.5 -0.5)
(-48.3 -0.5 -0.5)
(-48.2 -0.5 -0.5)
(-48.1 -0.5 -0.5)
(-48 -0.5 -0.5)
(-47.9 -0.5 -0.5)
(-47.8 -0.5 -0.5)
(-47.7 -0.5 -0.5)
(-47.6 -0.5 -0.5)
(-47.5 -0.5 -0.5)
(-47.4 -0.5 -0.5)
(-47.3 -0.5 -0.5)
(-47.2 -0.5 -0.5)
(-47.1 -0.5 -0.5)
(-47 -0.5 -0.5)
(-46.9 -0.5 -0.5)
(-46.8 -0.5 -0.5)
(-46.7 -0.5 -0.5)
(-46.6 -0.5 -0.5)
(-46.5 -0.5 -0.5)
(-46.4 -0.5 -0.5)
(-46.3 -0.5 -0.5)
(-46.2 -0.5 -0.5)
(-46.1 -0.5 -0.5)
(-46 -0.5 -0.5)
(-45.9 -0.5 -0.5)
(-45.8 -0.5 -0.5)
(-45.7 -0.5 -0.5)
(-45.6 -0.5 -0.5)
(-45.5 -0.5 -0.5)
(-45.4 -0.5 -0.5)
(-45.3 -0.5 -0.5)
(-45.2 -0.5 -0.5)
(-45.1 -0.5 -0.5)
(-45 -0.5 -0.5)
(-44.9 -0.5 -0.5)
(-44.8 -0.5 -0.5)
(-44.7 -0.5 -0.5)
(-44.6 -0.5 -0.5)
(-44.5 -0.5 -0.5)
(-44.4 -0.5 -0.5)
(-44.3 -0.5 -0.5)
(-44.2 -0.5 -0.5)
(-44.1 -0.5 -0.5)
(-44 -0.5 -0.5)
(-43.9 -0.5 -0.5)
(-43.8 -0.5 -0.5)
(-43.7 -0.5 -0.5)
(-43.6 -0.5 -0.5)
(-43.5 -0.5 -0.5)
(-43.4 -0.5 -0.5)
(-43.3 -0.5 -0.5)
(-43.2 -0.5 -0.5)
(-43.1 -0.5 -0.5)
(-43 -0.5 -0.5)
(-42.9 -0.5 -0.5)
(-42.8 -0.5 -0.5)
(-42.7 -0.5 -0.5)
(-42.6 -0.5 -0.5)
(-42.5 -0.5 -0.5)
(-42.4 -0.5 -0.5)
(-42.3 -0.5 -0.5)
(-42.2 -0.5 -0.5)
(-42.1 -0.5 -0.5)
(-42 -0.5 -0.5)
(-41.9 -0.5 -0.5)
(-41.8 -0.5 -0.5)
(-41.7 -0.5 -0.5)
(-41.6 -0.5 -0.5)
(-41.5 -0.5 -0.5)
(-41.4 -0.5 -0.5)
(-41.3 -0.5 -0.5)
(-41.2 -0.5 -0.5)
(-41.1 -0.5 -0.5)
(-41 -0.5 -0.5)
(-40.9 -0.5 -0.5)
(-40.8 -0.5 -0.5)
(-40.7 -0.5 -0.5)
(-40.6 -0.5 -0.5)
(-40.5 -0.5 -0.5)
(-40.4 -0.5 -0.5)
(-40.3 -0.5 -0.5)
(-40.2 -0.5 -0.5)
(-40.1 -0.5 -0.5)
(-40 -0.5 -0.5)
(-39.9 -0.5 -0.5)
(-39.8 -0.5 -0.5)
(-39.7 -0.5 -0.5)
(-39.6 -0.5 -0.5)
(-39.5 -0.5 -0.5)
(-39.4 -0.5 -0.5)
(-39.3 -0.5 -0.5)
(-39.2 -0.5 -0.5)
(-39.1 -0.5 -0.5)
(-39 -0.5 -0.5)
(-38.9 -0.5 -0.5)
(-38.8 -0.5 -0.5)
(-38.7 -0.5 -0.5)
(-38.6 -0.5 -0.5)
(-38.5 -0.5 -0.5)
(-38.4 -0.5 -0.5)
(-38.3 -0.5 -0.5)
(-38.2 -0.5 -0.5)
(-38.1 -0.5 -0.5)
(-38 -0.5 -0.5)
(-37.9 -0.5 -0.5)
(-37.8 -0.5 -0.5)
(-37.7 -0.5 -0.5)
(-37.6 -0.5 -0.5)
(-37.5 -0.5 -0.5)
(-37.4 -0.5 -0.5)
(-37.3 -0.5 -0.5)
(-37.2 -0.5 -0.5)
(-37.1 -0.5 -0.5)
(-37 -0.5 -0.5)
(-36.9 -0.5 -0.5)
(-36.8 -0.5 -0.5)
(-36.7 -0.5 -0.5)
(-36.6 -0.5 -0.5)
(-36.5 -0.5 -0.5)
(-36.4 -0.5 -0.5)
(-36.3 -0.5 -0.5)
(-36.2 -0.5 -0.5)
(-36.1 -0.5 -0.5)
(-36 -0.5 -0.5)
(-35.9 -0.5 -0.5)
(-35.8 -0.5 -0.5)
(-35.7 -0.5 -0.5)
(-35.6 -0.5 -0.5)
(-35.5 -0.5 -0.5)
(-35.4 -0.5 -0.5)
(-35.3 -0.5 -0.5)
(-35.2 -0.5 -0.5)
(-35.1 -0.5 -0.5)
(-35 -0.5 -0.5)
(-34.9 -0.5 -0.5)
(-34.8 -0.5 -0.5)
(-34.7 -0.5 -0.5)
(-34.6 -0.5 -0.5)
(-34.5 -0.5 -0.5)
(-34.4 -0.5 -0.5)
(-34.3 -0.5 -0.5)
(-34.2 -0.5 -0.5)
(-34.1 -0.5 -0.5)
(-34 -0.5 -0.5)
(-33.9 -0.5 -0.5)
(-33.8 -0.5 -0.5)
(-33.7 -0.5 -0.5)
(-33.6 -0.5 -0.5)
(-33.5 -0.5 -0.5)
(-33.4 -0.5 -0.5)
(-33.3 -0.5 -0.5)
(-33.2 -0.5 -0.5)
(-33.1 -0.5 -0.5)
(-33 -0.5 -0.5)
(-32.9 -0.5 -0.5)
(-32.8 -0.5 -0.5)
(-32.7 -0.5 -0.5)
(-32.6 -0.5 -0.5)
(-32.5 -0.5 -0.5)
(-32.4 -0.5 -0.5)
(-32.3 -0.5 -0.5)
(-32.2 -0.5 -0.5)
(-32.1 -0.5 -0.5)
(-32 -0.5 -0.5)
(-31.9 -0.5 -0.5)
(-31.8 -0.5 -0.5)
(-31.7 -0.5 -0.5)
(-31.6 -0.5 -0.5)
(-31.5 -0.5 -0.5)
(-31.4 -0.5 -0.5)
(-31.3 -0.5 -0.5)
(-31.2 -0.5 -0.5)
(-31.1 -0.5 -0.5)
(-31 -0.5 -0.5)
(-30.9 -0.5 -0.5)
(-30.8 -0.5 -0.5)
(-30.7 -0.5 -0.5)
(-30.6 -0.5 -0.5)
(-30.5 -0.5 -0.5)
(-30.4 -0.5 -0.5)
(-30.3 -0.5 -0.5)
(-30.2 -0.5 -0.5)
(-30.1 -0.5 -0.5)
(-30 -0.5 -0.5)
(-29.9 -0.5 -0.5)
(-29.8 -0.5 -0.5)
(-29.7 -0.5 -0.5)
(-29.6 -0.5 -0.5)
(-29.5 -0.5 -0.5)
(-29.4 -0.5 -0.5)
(-29.3 -0.5 -0.5)
(-29.2 -0.5 -0.5)
(-29.1 -0.5 -0.5)
(-29 -0.5 -0.5)
(-28.9 -0.5 -0.5)
(-28.8 -0.5 -0.5)
(-28.7 -0.5 -0.5)
(-28.6 -0.5 -0.5)
(-28.5 -0.5 -0.5)
(-28.4 -0.5 -0.5)
(-28.3 -0.5 -0.5)
(-28.2 -0.5 -0.5)
(-28.1 -0.5 -0.5)
(-28 -0.5 -0.5)
(-27.9 -0.5 -0.5)
(-27.8 -0.5 -0.5)
(-27.7 -0.5 -0.5)
(-27.6 -0.5 -0.5)
(-27.5 -0.5 -0.5)
(-27.4 -0.5 -0.5)
(-27.3 -0.5 -0.5)
(-27.2 -0.5 -0.5)
(-27.1 -0.5 -0.5)
(-27 -0.5 -0.5)
(-26.9 -0.5 -0.5)
(-26.8 -0.5 -0.5)
(-26.7 -0.5 -0.5)
(-26.6 -0.5 -0.5)
(-26.5 -0.5 -0.5)
(-26.4 -0.5 -0.5)
(-26.3 -0.5 -0.5)
(-26.2 -0.5 -0.5)
(-26.1 -0.5 -0.5)
(-26 -0.5 -0.5)
(-25.9 -0.5 -0.5)
(-25.8 -0.5 -0.5)
(-25.7 -0.5 -0.5)
(-25.6 -0.5 -0.5)
(-25.5 -0.5 -0.5)
(-25.4 -0.5 -0.5)
(-25.3 -0.5 -0.5)
(-25.2 -0.5 -0.5)
(-25.1 -0.5 -0.5)
(-25 -0.5 -0.5)
(-24.9 -0.5 -0.5)
(-24.8 -0.5 -0.5)
(-24.7 -0.5 -0.5)
(-24.6 -0.5 -0.5)
(-24.5 -0.5 -0.5)
(-24.4 -0.5 -0.5)
(-24.3 -0.5 -0.5)
(-24.2 -0.5 -0.5)
(-24.1 -0.5 -0.5)
(-24 -0.5 -0.5)
(-23.9 -0.5 -0.5)
(-23.8 -0.5 -0.5)
(-23.7 -0.5 -0.5)
(-23.6 -0.5 -0.5)
(-23.5 -0.5 -0.5)
(-23.4 -0.5 -0.5)
(-23.3 -0.5 -0.5)
(-23.2 -0.5 -0.5)
(-23.1 -0.5 -0.5)
(-23 -0.5 -0.5)
(-22.9 -0.5 -0.5)
(-22.8 -0.5 -0.5)
(-22.7 -0.5 -0.5)
(-22.6 -0.5 -0.5)
(-22.5 -0.5 -0.5)
(-22.4 -0.5 -0.5)
(-22.3 -0.5 -0.5)
(-22.2 -0.5 -0.5)
(-22.1 -0.5 -0.5)
(-22 -0.5 -0.5)
(-21.9 -0.5 -0.5)
(-21.8 -0.5 -0.5)
(-21.7 -0.5 -0.5)
(-21.6 -0.5 -0.5)
(-21.5 -0.5 -0.5)
(-21.4 -0.5 -0.5)
(-21.3 -0.5 -0.5)
(-21.2 -0.5 -0.5)
(-21.1 -0.5 -0.5)
(-21 -0.5 -0.5)
(-20.9 -0.5 -0.5)
(-20.8 -0.5 -0.5)
(-20.7 -0.5 -0.5)
(-20.6 -0.5 -0.5)
(-20.5 -0.5 -0.5)
(-20.4 -0.5 -0.5)
(-20.3 -0.5 -0.5)
(-20.2 -0.5 -0.5)
(-20.1 -0.5 -0.5)
(-20 -0.5 -0.5)
(-19.9 -0.5 -0.5)
(-19.8 -0.5 -0.5)
(-19.7 -0.5 -0.5)
(-19.6 -0.5 -0.5)
(-19.5 -0.5 -0.5)
(-19.4 -0.5 -0.5)
(-19.3 -0.5 -0.5)
(-19.2 -0.5 -0.5)
(-19.1 -0.5 -0.5)
(-19 -0.5 -0.5)
(-18.9 -0.5 -0.5)
(-18.8 -0.5 -0.5)
(-18.7 -0.5 -0.5)
(-18.6 -0.5 -0.5)
(-18.5 -0.5 -0.5)
(-18.4 -0.5 -0.5)
(-18.3 -0.5 -0.5)
(-18.2 -0.5 -0.5)
(-18.1 -0.5 -0.5)
(-18 -0.5 -0.5)
(-17.9 -0.5 -0.5)
(-17.8 -0.5 -0.5)
(-17.7 -0.5 -0.5)
(-17.6 -0.5 -0.5)
(-17.5 -0.5 -0.5)
(-17.4 -0.5 -0.5)
(-17.3 -0.5 -0.5)
(-17.2 -0.5 -0.5)
(-17.1 -0.5 -0.5)
(-17 -0.5 -0.5)
(-16.9 -0.5 -0.5)
(-16.8 -0.5 -0.5)
(-16.7 -0.5 -0.5)
(-16.6 -0.5 -0.5)
(-16.5 -0.5 -0.5)
(-16.4 -0.5 -0.5)
(-16.3 -0.5 -0.5)
(-16.2 -0.5 -0.5)
(-16.1 -0.5 -0.5)
(-16 -0.5 -0.5)
(-15.9 -0.5 -0.5)
(-15.8 -0.5 -0.5)
(-15.7 -0.5 -0.5)
(-15.6 -0.5 -0.5)
(-15.5 -0.5 -0.5)
(-15.4 -0.5 -0.5)
(-15.3 -0.5 -0.5)
(-15.2 -0.5 -0.5)
(-15.1 -0.5 -0.5)
(-15 -0.5 -0.5)
(-14.9 -0.5 -0.5)
(-14.8 -0.5 -0.5)
(-14.7 -0.5 -0.5)
(-14.6 -0.5 -0.5)
(-14.5 -0.5 -0.5)
(-14.4 -0.5 -0.5)
(-14.3 -0.5 -0.5)
(-14.2 -0.5 -0.5)
(-14.1 -0.5 -0.5)
(-14 -0.5 -0.5)
(-13.9 -0.5 -0.5)
(-13.8 -0.5 -0.5)
(-13.7 -0.5 -0.5)
(-13.6 -0.5 -0.5)
(-13.5 -0.5 -0.5)
(-13.4 -0.5 -0.5)
(-13.3 -0.5 -0.5)
(-13.2 -0.5 -0.5)
(-13.1 -0.5 -0.5)
(-13 -0.5 -0.5)
(-12.9 -0.5 -0.5)
(-12.8 -0.5 -0.5)
(-12.7 -0.5 -0.5)
(-12.6 -0.5 -0.5)
(-12.5 -0.5 -0.5)
(-12.4 -0.5 -0.5)
(-12.3 -0.5 -0.5)
(-12.2 -0.5 -0.5)
(-12.1 -0.5 -0.5)
(-12 -0.5 -0.5)
(-11.9 -0.5 -0.5)
(-11.8 -0.5 -0.5)
(-11.7 -0.5 -0.5)
(-11.6 -0.5 -0.5)
(-11.5 -0.5 -0.5)
(-11.4 -0.5 -0.5)
(-11.3 -0.5 -0.5)
(-11.2 -0.5 -0.5)
(-11.1 -0.5 -0.5)
(-11 -0.5 -0.5)
(-10.9 -0.5 -0.5)
(-10.8 -0.5 -0.5)
(-10.7 -0.5 -0.5)
(-10.6 -0.5 -0.5)
(-10.5 -0.5 -0.5)
(-10.4 -0.5 -0.5)
(-10.3 -0.5 -0.5)
(-10.2 -0.5 -0.5)
(-10.1 -0.5 -0.5)
(-10 -0.5 -0.5)
(-9.9 -0.5 -0.5)
(-9.8 -0.5 -0.5)
(-9.7 -0.5 -0.5)
(-9.6 -0.5 -0.5)
(-9.5 -0.5 -0.5)
(-9.4 -0.5 -0.5)
(-9.3 -0.5 -0.5)
(-9.2 -0.5 -0.5)
(-9.1 -0.5 -0.5)
(-9 -0.5 -0.5)
(-8.9 -0.5 -0.5)
(-8.8 -0.5 -0.5)
(-8.7 -0.5 -0.5)
(-8.6 -0.5 -0.5)
(-8.5 -0.5 -0.5)
(-8.4 -0.5 -0.5)
(-8.3 -0.5 -0.5)
(-8.2 -0.5 -0.5)
(-8.1 -0.5 -0.5)
(-8 -0.5 -0.5)
(-7.9 -0.5 -0.5)
(-7.8 -0.5 -0.5)
(-7.7 -0.5 -0.5)
(-7.6 -0.5 -0.5)
(-7.5 -0.5 -0.5)
(-7.4 -0.5 -0.5)
(-7.3 -0.5 -0.5)
(-7.2 -0.5 -0.5)
(-7.1 -0.5 -0.5)
(-7 -0.5 -0.5)
(-6.9 -0.5 -0.5)
(-6.8 -0.5 -0.5)
(-6.7 -0.5 -0.5)
(-6.6 -0.5 -0.5)
(-6.5 -0.5 -0.5)
(-6.4 -0.5 -0.5)
(-6.3 -0.5 -0.5)
(-6.2 -0.5 -0.5)
(-6.1 -0.5 -0.5)
(-6 -0.5 -0.5)
(-5.9 -0.5 -0.5)
(-5.8 -0.5 -0.5)
(-5.7 -0.5 -0.5)
(-5.6 -0.5 -0.5)
(-5.5 -0.5 -0.5)
(-5.4 -0.5 -0.5)
(-5.3 -0.5 -0.5)
(-5.2 -0.5 -0.5)
(-5.1 -0.5 -0.5)
(-5 -0.5 -0.5)
(-4.9 -0.5 -0.5)
(-4.8 -0.5 -0.5)
(-4.7 -0.5 -0.5)
(-4.6 -0.5 -0.5)
(-4.5 -0.5 -0.5)
(-4.4 -0.5 -0.5)
(-4.3 -0.5 -0.5)
(-4.2 -0.5 -0.5)
(-4.1 -0.5 -0.5)
(-4 -0.5 -0.5)
(-3.9 -0.5 -0.5)
(-3.8 -0.5 -0.5)
(-3.7 -0.5 -0.5)
(-3.6 -0.5 -0.5)
(-3.5 -0.5 -0.5)
(-3.4 -0.5 -0.5)
(-3.3 -0.5 -0.5)
(-3.2 -0.5 -0.5)
(-3.1 -0.5 -0.5)
(-3 -0.5 -0.5)
(-2.9 -0.5 -0.5)
(-2.8 -0.5 -0.5)
(-2.7 -0.5 -0.5)
(-2.6 -0.5 -0.5)
(-2.5 -0.5 -0.5)
(-2.4 -0.5 -0.5)
(-2.3 -0.5 -0.5)
(-2.2 -0.5 -0.5)
(-2.1 -0.5 -0.5)
(-2 -0.5 -0.5)
(-1.9 -0.5 -0.5)
(-1.8 -0.5 -0.5)
(-1.7 -0.5 -0.5)
(-1.6 -0.5 -0.5)
(-1.5 -0.5 -0.5)
(-1.4 -0.5 -0.5)
(-1.3 -0.5 -0.5)
(-1.2 -0.5 -0.5)
(-1.1 -0.5 -0.5)
(-1 -0.5 -0.5)
(-0.9 -0.5 -0.5)
(-0.8 -0.5 -0.5)
(-0.7 -0.5 -0.5)
(-0.6 -0.5 -0.5)
(-0.5 -0.5 -0.5)
(-0.4 -0.5 -0.5)
(-0.3 -0.5 -0.5)
(-0.2 -0.5 -0.5)
(-0.1 -0.5 -0.5)
(0 -0.5 -0.5)
(0.1 -0.5 -0.5)
(0.2 -0.5 -0.5)
(0.3 -0.5 -0.5)
(0.4 -0.5 -0.5)
(0.5 -0.5 -0.5)
(0.6 -0.5 -0.5)
(0.7 -0.5 -0.5)
(0.8 -0.5 -0.5)
(0.9 -0.5 -0.5)
(1 -0.5 -0.5)
(1.1 -0.5 -0.5)
(1.2 -0.5 -0.5)
(1.3 -0.5 -0.5)
(1.4 -0.5 -0.5)
(1.5 -0.5 -0.5)
(1.6 -0.5 -0.5)
(1.7 -0.5 -0.5)
(1.8 -0.5 -0.5)
(1.9 -0.5 -0.5)
(2 -0.5 -0.5)
(2.1 -0.5 -0.5)
(2.2 -0.5 -0.5)
(2.3 -0.5 -0.5)
(2.4 -0.5 -0.5)
(2.5 -0.5 -0.5)
(2.6 -0.5 -0.5)
(2.7 -0.5 -0.5)
(2.8 -0.5 -0.5)
(2.9 -0.5 -0.5)
(3 -0.5 -0.5)
(3.1 -0.5 -0.5)
(3.2 -0.5 -0.5)
(3.3 -0.5 -0.5)
(3.4 -0.5 -0.5)
(3.5 -0.5 -0.5)
(3.6 -0.5 -0.5)
(3.7 -0.5 -0.5)
(3.8 -0.5 -0.5)
(3.9 -0.5 -0.5)
(4 -0.5 -0.5)
(4.1 -0.5 -0.5)
(4.2 -0.5 -0.5)
(4.3 -0.5 -0.5)
(4.4 -0.5 -0.5)
(4.5 -0.5 -0.5)
(4.6 -0.5 -0.5)
(4.7 -0.5 -0.5)
(4.8 -0.5 -0.5)
(4.9 -0.5 -0.5)
(5 -0.5 -0.5)
(5.1 -0.5 -0.5)
(5.2 -0.5 -0.5)
(5.3 -0.5 -0.5)
(5.4 -0.5 -0.5)
(5.5 -0.5 -0.5)
(5.6 -0.5 -0.5)
(5.7 -0.5 -0.5)
(5.8 -0.5 -0.5)
(5.9 -0.5 -0.5)
(6 -0.5 -0.5)
(6.1 -0.5 -0.5)
(6.2 -0.5 -0.5)
(6.3 -0.5 -0.5)
(6.4 -0.5 -0.5)
(6.5 -0.5 -0.5)
(6.6 -0.5 -0.5)
(6.7 -0.5 -0.5)
(6.8 -0.5 -0.5)
(6.9 -0.5 -0.5)
(7 -0.5 -0.5)
(7.1 -0.5 -0.5)
(7.2 -0.5 -0.5)
(7.3 -0.5 -0.5)
(7.4 -0.5 -0.5)
(7.5 -0.5 -0.5)
(7.6 -0.5 -0.5)
(7.7 -0.5 -0.5)
(7.8 -0.5 -0.5)
(7.9 -0.5 -0.5)
(8 -0.5 -0.5)
(8.1 -0.5 -0.5)
(8.2 -0.5 -0.5)
(8.3 -0.5 -0.5)
(8.4 -0.5 -0.5)
(8.5 -0.5 -0.5)
(8.6 -0.5 -0.5)
(8.7 -0.5 -0.5)
(8.8 -0.5 -0.5)
(8.9 -0.5 -0.5)
(9 -0.5 -0.5)
(9.1 -0.5 -0.5)
(9.2 -0.5 -0.5)
(9.3 -0.5 -0.5)
(9.4 -0.5 -0.5)
(9.5 -0.5 -0.5)
(9.6 -0.5 -0.5)
(9.7 -0.5 -0.5)
(9.8 -0.5 -0.5)
(9.9 -0.5 -0.5)
(10 -0.5 -0.5)
(10.1 -0.5 -0.5)
(10.2 -0.5 -0.5)
(10.3 -0.5 -0.5)
(10.4 -0.5 -0.5)
(10.5 -0.5 -0.5)
(10.6 -0.5 -0.5)
(10.7 -0.5 -0.5)
(10.8 -0.5 -0.5)
(10.9 -0.5 -0.5)
(11 -0.5 -0.5)
(11.1 -0.5 -0.5)
(11.2 -0.5 -0.5)
(11.3 -0.5 -0.5)
(11.4 -0.5 -0.5)
(11.5 -0.5 -0.5)
(11.6 -0.5 -0.5)
(11.7 -0.5 -0.5)
(11.8 -0.5 -0.5)
(11.9 -0.5 -0.5)
(12 -0.5 -0.5)
(12.1 -0.5 -0.5)
(12.2 -0.5 -0.5)
(12.3 -0.5 -0.5)
(12.4 -0.5 -0.5)
(12.5 -0.5 -0.5)
(12.6 -0.5 -0.5)
(12.7 -0.5 -0.5)
(12.8 -0.5 -0.5)
(12.9 -0.5 -0.5)
(13 -0.5 -0.5)
(13.1 -0.5 -0.5)
(13.2 -0.5 -0.5)
(13.3 -0.5 -0.5)
(13.4 -0.5 -0.5)
(13.5 -0.5 -0.5)
(13.6 -0.5 -0.5)
(13.7 -0.5 -0.5)
(13.8 -0.5 -0.5)
(13.9 -0.5 -0.5)
(14 -0.5 -0.5)
(14.1 -0.5 -0.5)
(14.2 -0.5 -0.5)
(14.3 -0.5 -0.5)
(14.4 -0.5 -0.5)
(14.5 -0.5 -0.5)
(14.6 -0.5 -0.5)
(14.7 -0.5 -0.5)
(14.8 -0.5 -0.5)
(14.9 -0.5 -0.5)
(15 -0.5 -0.5)
(15.1 -0.5 -0.5)
(15.2 -0.5 -0.5)
(15.3 -0.5 -0.5)
(15.4 -0.5 -0.5)
(15.5 -0.5 -0.5)
(15.6 -0.5 -0.5)
(15.7 -0.5 -0.5)
(15.8 -0.5 -0.5)
(15.9 -0.5 -0.5)
(16 -0.5 -0.5)
(16.1 -0.5 -0.5)
(16.2 -0.5 -0.5)
(16.3 -0.5 -0.5)
(16.4 -0.5 -0.5)
(16.5 -0.5 -0.5)
(16.6 -0.5 -0.5)
(16.7 -0.5 -0.5)
(16.8 -0.5 -0.5)
(16.9 -0.5 -0.5)
(17 -0.5 -0.5)
(17.1 -0.5 -0.5)
(17.2 -0.5 -0.5)
(17.3 -0.5 -0.5)
(17.4 -0.5 -0.5)
(17.5 -0.5 -0.5)
(17.6 -0.5 -0.5)
(17.7 -0.5 -0.5)
(17.8 -0.5 -0.5)
(17.9 -0.5 -0.5)
(18 -0.5 -0.5)
(18.1 -0.5 -0.5)
(18.2 -0.5 -0.5)
(18.3 -0.5 -0.5)
(18.4 -0.5 -0.5)
(18.5 -0.5 -0.5)
(18.6 -0.5 -0.5)
(18.7 -0.5 -0.5)
(18.8 -0.5 -0.5)
(18.9 -0.5 -0.5)
(19 -0.5 -0.5)
(19.1 -0.5 -0.5)
(19.2 -0.5 -0.5)
(19.3 -0.5 -0.5)
(19.4 -0.5 -0.5)
(19.5 -0.5 -0.5)
(19.6 -0.5 -0.5)
(19.7 -0.5 -0.5)
(19.8 -0.5 -0.5)
(19.9 -0.5 -0.5)
(20 -0.5 -0.5)
(20.1 -0.5 -0.5)
(20.2 -0.5 -0.5)
(20.3 -0.5 -0.5)
(20.4 -0.5 -0.5)
(20.5 -0.5 -0.5)
(20.6 -0.5 -0.5)
(20.7 -0.5 -0.5)
(20.8 -0.5 -0.5)
(20.9 -0.5 -0.5)
(21 -0.5 -0.5)
(21.1 -0.5 -0.5)
(21.2 -0.5 -0.5)
(21.3 -0.5 -0.5)
(21.4 -0.5 -0.5)
(21.5 -0.5 -0.5)
(21.6 -0.5 -0.5)
(21.7 -0.5 -0.5)
(21.8 -0.5 -0.5)
(21.9 -0.5 -0.5)
(22 -0.5 -0.5)
(22.1 -0.5 -0.5)
(22.2 -0.5 -0.5)
(22.3 -0.5 -0.5)
(22.4 -0.5 -0.5)
(22.5 -0.5 -0.5)
(22.6 -0.5 -0.5)
(22.7 -0.5 -0.5)
(22.8 -0.5 -0.5)
(22.9 -0.5 -0.5)
(23 -0.5 -0.5)
(23.1 -0.5 -0.5)
(23.2 -0.5 -0.5)
(23.3 -0.5 -0.5)
(23.4 -0.5 -0.5)
(23.5 -0.5 -0.5)
(23.6 -0.5 -0.5)
(23.7 -0.5 -0.5)
(23.8 -0.5 -0.5)
(23.9 -0.5 -0.5)
(24 -0.5 -0.5)
(24.1 -0.5 -0.5)
(24.2 -0.5 -0.5)
(24.3 -0.5 -0.5)
(24.4 -0.5 -0.5)
(24.5 -0.5 -0.5)
(24.6 -0.5 -0.5)
(24.7 -0.5 -0.5)
(24.8 -0.5 -0.5)
(24.9 -0.5 -0.5)
(25 -0.5 -0.5)
(25.1 -0.5 -0.5)
(25.2 -0.5 -0.5)
(25.3 -0.5 -0.5)
(25.4 -0.5 -0.5)
(25.5 -0.5 -0.5)
(25.6 -0.5 -0.5)
(25.7 -0.5 -0.5)
(25.8 -0.5 -0.5)
(25.9 -0.5 -0.5)
(26 -0.5 -0.5)
(26.1 -0.5 -0.5)
(26.2 -0.5 -0.5)
(26.3 -0.5 -0.5)
(26.4 -0.5 -0.5)
(26.5 -0.5 -0.5)
(26.6 -0.5 -0.5)
(26.7 -0.5 -0.5)
(26.8 -0.5 -0.5)
(26.9 -0.5 -0.5)
(27 -0.5 -0.5)
(27.1 -0.5 -0.5)
(27.2 -0.5 -0.5)
(27.3 -0.5 -0.5)
(27.4 -0.5 -0.5)
(27.5 -0.5 -0.5)
(27.6 -0.5 -0.5)
(27.7 -0.5 -0.5)
(27.8 -0.5 -0.5)
(27.9 -0.5 -0.5)
(28 -0.5 -0.5)
(28.1 -0.5 -0.5)
(28.2 -0.5 -0.5)
(28.3 -0.5 -0.5)
(28.4 -0.5 -0.5)
(28.5 -0.5 -0.5)
(28.6 -0.5 -0.5)
(28.7 -0.5 -0.5)
(28.8 -0.5 -0.5)
(28.9 -0.5 -0.5)
(29 -0.5 -0.5)
(29.1 -0.5 -0.5)
(29.2 -0.5 -0.5)
(29.3 -0.5 -0.5)
(29.4 -0.5 -0.5)
(29.5 -0.5 -0.5)
(29.6 -0.5 -0.5)
(29.7 -0.5 -0.5)
(29.8 -0.5 -0.5)
(29.9 -0.5 -0.5)
(30 -0.5 -0.5)
(30.1 -0.5 -0.5)
(30.2 -0.5 -0.5)
(30.3 -0.5 -0.5)
(30.4 -0.5 -0.5)
(30.5 -0.5 -0.5)
(30.6 -0.5 -0.5)
(30.7 -0.5 -0.5)
(30.8 -0.5 -0.5)
(30.9 -0.5 -0.5)
(31 -0.5 -0.5)
(31.1 -0.5 -0.5)
(31.2 -0.5 -0.5)
(31.3 -0.5 -0.5)
(31.4 -0.5 -0.5)
(31.5 -0.5 -0.5)
(31.6 -0.5 -0.5)
(31.7 -0.5 -0.5)
(31.8 -0.5 -0.5)
(31.9 -0.5 -0.5)
(32 -0.5 -0.5)
(32.1 -0.5 -0.5)
(32.2 -0.5 -0.5)
(32.3 -0.5 -0.5)
(32.4 -0.5 -0.5)
(32.5 -0.5 -0.5)
(32.6 -0.5 -0.5)
(32.7 -0.5 -0.5)
(32.8 -0.5 -0.5)
(32.9 -0.5 -0.5)
(33 -0.5 -0.5)
(33.1 -0.5 -0.5)
(33.2 -0.5 -0.5)
(33.3 -0.5 -0.5)
(33.4 -0.5 -0.5)
(33.5 -0.5 -0.5)
(33.6 -0.5 -0.5)
(33.7 -0.5 -0.5)
(33.8 -0.5 -0.5)
(33.9 -0.5 -0.5)
(34 -0.5 -0.5)
(34.1 -0.5 -0.5)
(34.2 -0.5 -0.5)
(34.3 -0.5 -0.5)
(34.4 -0.5 -0.5)
(34.5 -0.5 -0.5)
(34.6 -0.5 -0.5)
(34.7 -0.5 -0.5)
(34.8 -0.5 -0.5)
(34.9 -0.5 -0.5)
(35 -0.5 -0.5)
(35.1 -0.5 -0.5)
(35.2 -0.5 -0.5)
(35.3 -0.5 -0.5)
(35.4 -0.5 -0.5)
(35.5 -0.5 -0.5)
(35.6 -0.5 -0.5)
(35.7 -0.5 -0.5)
(35.8 -0.5 -0.5)
(35.9 -0.5 -0.5)
(36 -0.5 -0.5)
(36.1 -0.5 -0.5)
(36.2 -0.5 -0.5)
(36.3 -0.5 -0.5)
(36.4 -0.5 -0.5)
(36.5 -0.5 -0.5)
(36.6 -0.5 -0.5)
(36.7 -0.5 -0.5)
(36.8 -0.5 -0.5)
(36.9 -0.5 -0.5)
(37 -0.5 -0.5)
(37.1 -0.5 -0.5)
(37.2 -0.5 -0.5)
(37.3 -0.5 -0.5)
(37.4 -0.5 -0.5)
(37.5 -0.5 -0.5)
(37.6 -0.5 -0.5)
(37.7 -0.5 -0.5)
(37.8 -0.5 -0.5)
(37.9 -0.5 -0.5)
(38 -0.5 -0.5)
(38.1 -0.5 -0.5)
(38.2 -0.5 -0.5)
(38.3 -0.5 -0.5)
(38.4 -0.5 -0.5)
(38.5 -0.5 -0.5)
(38.6 -0.5 -0.5)
(38.7 -0.5 -0.5)
(38.8 -0.5 -0.5)
(38.9 -0.5 -0.5)
(39 -0.5 -0.5)
(39.1 -0.5 -0.5)
(39.2 -0.5 -0.5)
(39.3 -0.5 -0.5)
(39.4 -0.5 -0.5)
(39.5 -0.5 -0.5)
(39.6 -0.5 -0.5)
(39.7 -0.5 -0.5)
(39.8 -0.5 -0.5)
(39.9 -0.5 -0.5)
(40 -0.5 -0.5)
(40.1 -0.5 -0.5)
(40.2 -0.5 -0.5)
(40.3 -0.5 -0.5)
(40.4 -0.5 -0.5)
(40.5 -0.5 -0.5)
(40.6 -0.5 -0.5)
(40.7 -0.5 -0.5)
(40.8 -0.5 -0.5)
(40.9 -0.5 -0.5)
(41 -0.5 -0.5)
(41.1 -0.5 -0.5)
(41.2 -0.5 -0.5)
(41.3 -0.5 -0.5)
(41.4 -0.5 -0.5)
(41.5 -0.5 -0.5)
(41.6 -0.5 -0.5)
(41.7 -0.5 -0.5)
(41.8 -0.5 -0.5)
(41.9 -0.5 -0.5)
(42 -0.5 -0.5)
(42.1 -0.5 -0.5)
(42.2 -0.5 -0.5)
(42.3 -0.5 -0.5)
(42.4 -0.5 -0.5)
(42.5 -0.5 -0.5)
(42.6 -0.5 -0.5)
(42.7 -0.5 -0.5)
(42.8 -0.5 -0.5)
(42.9 -0.5 -0.5)
(43 -0.5 -0.5)
(43.1 -0.5 -0.5)
(43.2 -0.5 -0.5)
(43.3 -0.5 -0.5)
(43.4 -0.5 -0.5)
(43.5 -0.5 -0.5)
(43.6 -0.5 -0.5)
(43.7 -0.5 -0.5)
(43.8 -0.5 -0.5)
(43.9 -0.5 -0.5)
(44 -0.5 -0.5)
(44.1 -0.5 -0.5)
(44.2 -0.5 -0.5)
(44.3 -0.5 -0.5)
(44.4 -0.5 -0.5)
(44.5 -0.5 -0.5)
(44.6 -0.5 -0.5)
(44.7 -0.5 -0.5)
(44.8 -0.5 -0.5)
(44.9 -0.5 -0.5)
(45 -0.5 -0.5)
(45.1 -0.5 -0.5)
(45.2 -0.5 -0.5)
(45.3 -0.5 -0.5)
(45.4 -0.5 -0.5)
(45.5 -0.5 -0.5)
(45.6 -0.5 -0.5)
(45.7 -0.5 -0.5)
(45.8 -0.5 -0.5)
(45.9 -0.5 -0.5)
(46 -0.5 -0.5)
(46.1 -0.5 -0.5)
(46.2 -0.5 -0.5)
(46.3 -0.5 -0.5)
(46.4 -0.5 -0.5)
(46.5 -0.5 -0.5)
(46.6 -0.5 -0.5)
(46.7 -0.5 -0.5)
(46.8 -0.5 -0.5)
(46.9 -0.5 -0.5)
(47 -0.5 -0.5)
(47.1 -0.5 -0.5)
(47.2 -0.5 -0.5)
(47.3 -0.5 -0.5)
(47.4 -0.5 -0.5)
(47.5 -0.5 -0.5)
(47.6 -0.5 -0.5)
(47.7 -0.5 -0.5)
(47.8 -0.5 -0.5)
(47.9 -0.5 -0.5)
(48 -0.5 -0.5)
(48.1 -0.5 -0.5)
(48.2 -0.5 -0.5)
(48.3 -0.5 -0.5)
(48.4 -0.5 -0.5)
(48.5 -0.5 -0.5)
(48.6 -0.5 -0.5)
(48.7 -0.5 -0.5)
(48.8 -0.5 -0.5)
(48.9 -0.5 -0.5)
(49 -0.5 -0.5)
(49.1 -0.5 -0.5)
(49.2 -0.5 -0.5)
(49.3 -0.5 -0.5)
(49.4 -0.5 -0.5)
(49.5 -0.5 -0.5)
(49.6 -0.5 -0.5)
(49.7 -0.5 -0.5)
(49.8 -0.5 -0.5)
(49.9 -0.5 -0.5)
(50 -0.5 -0.5)
(-50 0.5 -0.5)
(-49.9 0.5 -0.5)
(-49.8 0.5 -0.5)
(-49.7 0.5 -0.5)
(-49.6 0.5 -0.5)
(-49.5 0.5 -0.5)
(-49.4 0.5 -0.5)
(-49.3 0.5 -0.5)
(-49.2 0.5 -0.5)
(-49.1 0.5 -0.5)
(-49 0.5 -0.5)
(-48.9 0.5 -0.5)
(-48.8 0.5 -0.5)
(-48.7 0.5 -0.5)
(-48.6 0.5 -0.5)
(-48.5 0.5 -0.5)
(-48.4 0.5 -0.5)
(-48.3 0.5 -0.5)
(-48.2 0.5 -0.5)
(-48.1 0.5 -0.5)
(-48 0.5 -0.5)
(-47.9 0.5 -0.5)
(-47.8 0.5 -0.5)
(-47.7 0.5 -0.5)
(-47.6 0.5 -0.5)
(-47.5 0.5 -0.5)
(-47.4 0.5 -0.5)
(-47.3 0.5 -0.5)
(-47.2 0.5 -0.5)
(-47.1 0.5 -0.5)
(-47 0.5 -0.5)
(-46.9 0.5 -0.5)
(-46.8 0.5 -0.5)
(-46.7 0.5 -0.5)
(-46.6 0.5 -0.5)
(-46.5 0.5 -0.5)
(-46.4 0.5 -0.5)
(-46.3 0.5 -0.5)
(-46.2 0.5 -0.5)
(-46.1 0.5 -0.5)
(-46 0.5 -0.5)
(-45.9 0.5 -0.5)
(-45.8 0.5 -0.5)
(-45.7 0.5 -0.5)
(-45.6 0.5 -0.5)
(-45.5 0.5 -0.5)
(-45.4 0.5 -0.5)
(-45.3 0.5 -0.5)
(-45.2 0.5 -0.5)
(-45.1 0.5 -0.5)
(-45 0.5 -0.5)
(-44.9 0.5 -0.5)
(-44.8 0.5 -0.5)
(-44.7 0.5 -0.5)
(-44.6 0.5 -0.5)
(-44.5 0.5 -0.5)
(-44.4 0.5 -0.5)
(-44.3 0.5 -0.5)
(-44.2 0.5 -0.5)
(-44.1 0.5 -0.5)
(-44 0.5 -0.5)
(-43.9 0.5 -0.5)
(-43.8 0.5 -0.5)
(-43.7 0.5 -0.5)
(-43.6 0.5 -0.5)
(-43.5 0.5 -0.5)
(-43.4 0.5 -0.5)
(-43.3 0.5 -0.5)
(-43.2 0.5 -0.5)
(-43.1 0.5 -0.5)
(-43 0.5 -0.5)
(-42.9 0.5 -0.5)
(-42.8 0.5 -0.5)
(-42.7 0.5 -0.5)
(-42.6 0.5 -0.5)
(-42.5 0.5 -0.5)
(-42.4 0.5 -0.5)
(-42.3 0.5 -0.5)
(-42.2 0.5 -0.5)
(-42.1 0.5 -0.5)
(-42 0.5 -0.5)
(-41.9 0.5 -0.5)
(-41.8 0.5 -0.5)
(-41.7 0.5 -0.5)
(-41.6 0.5 -0.5)
(-41.5 0.5 -0.5)
(-41.4 0.5 -0.5)
(-41.3 0.5 -0.5)
(-41.2 0.5 -0.5)
(-41.1 0.5 -0.5)
(-41 0.5 -0.5)
(-40.9 0.5 -0.5)
(-40.8 0.5 -0.5)
(-40.7 0.5 -0.5)
(-40.6 0.5 -0.5)
(-40.5 0.5 -0.5)
(-40.4 0.5 -0.5)
(-40.3 0.5 -0.5)
(-40.2 0.5 -0.5)
(-40.1 0.5 -0.5)
(-40 0.5 -0.5)
(-39.9 0.5 -0.5)
(-39.8 0.5 -0.5)
(-39.7 0.5 -0.5)
(-39.6 0.5 -0.5)
(-39.5 0.5 -0.5)
(-39.4 0.5 -0.5)
(-39.3 0.5 -0.5)
(-39.2 0.5 -0.5)
(-39.1 0.5 -0.5)
(-39 0.5 -0.5)
(-38.9 0.5 -0.5)
(-38.8 0.5 -0.5)
(-38.7 0.5 -0.5)
(-38.6 0.5 -0.5)
(-38.5 0.5 -0.5)
(-38.4 0.5 -0.5)
(-38.3 0.5 -0.5)
(-38.2 0.5 -0.5)
(-38.1 0.5 -0.5)
(-38 0.5 -0.5)
(-37.9 0.5 -0.5)
(-37.8 0.5 -0.5)
(-37.7 0.5 -0.5)
(-37.6 0.5 -0.5)
(-37.5 0.5 -0.5)
(-37.4 0.5 -0.5)
(-37.3 0.5 -0.5)
(-37.2 0.5 -0.5)
(-37.1 0.5 -0.5)
(-37 0.5 -0.5)
(-36.9 0.5 -0.5)
(-36.8 0.5 -0.5)
(-36.7 0.5 -0.5)
(-36.6 0.5 -0.5)
(-36.5 0.5 -0.5)
(-36.4 0.5 -0.5)
(-36.3 0.5 -0.5)
(-36.2 0.5 -0.5)
(-36.1 0.5 -0.5)
(-36 0.5 -0.5)
(-35.9 0.5 -0.5)
(-35.8 0.5 -0.5)
(-35.7 0.5 -0.5)
(-35.6 0.5 -0.5)
(-35.5 0.5 -0.5)
(-35.4 0.5 -0.5)
(-35.3 0.5 -0.5)
(-35.2 0.5 -0.5)
(-35.1 0.5 -0.5)
(-35 0.5 -0.5)
(-34.9 0.5 -0.5)
(-34.8 0.5 -0.5)
(-34.7 0.5 -0.5)
(-34.6 0.5 -0.5)
(-34.5 0.5 -0.5)
(-34.4 0.5 -0.5)
(-34.3 0.5 -0.5)
(-34.2 0.5 -0.5)
(-34.1 0.5 -0.5)
(-34 0.5 -0.5)
(-33.9 0.5 -0.5)
(-33.8 0.5 -0.5)
(-33.7 0.5 -0.5)
(-33.6 0.5 -0.5)
(-33.5 0.5 -0.5)
(-33.4 0.5 -0.5)
(-33.3 0.5 -0.5)
(-33.2 0.5 -0.5)
(-33.1 0.5 -0.5)
(-33 0.5 -0.5)
(-32.9 0.5 -0.5)
(-32.8 0.5 -0.5)
(-32.7 0.5 -0.5)
(-32.6 0.5 -0.5)
(-32.5 0.5 -0.5)
(-32.4 0.5 -0.5)
(-32.3 0.5 -0.5)
(-32.2 0.5 -0.5)
(-32.1 0.5 -0.5)
(-32 0.5 -0.5)
(-31.9 0.5 -0.5)
(-31.8 0.5 -0.5)
(-31.7 0.5 -0.5)
(-31.6 0.5 -0.5)
(-31.5 0.5 -0.5)
(-31.4 0.5 -0.5)
(-31.3 0.5 -0.5)
(-31.2 0.5 -0.5)
(-31.1 0.5 -0.5)
(-31 0.5 -0.5)
(-30.9 0.5 -0.5)
(-30.8 0.5 -0.5)
(-30.7 0.5 -0.5)
(-30.6 0.5 -0.5)
(-30.5 0.5 -0.5)
(-30.4 0.5 -0.5)
(-30.3 0.5 -0.5)
(-30.2 0.5 -0.5)
(-30.1 0.5 -0.5)
(-30 0.5 -0.5)
(-29.9 0.5 -0.5)
(-29.8 0.5 -0.5)
(-29.7 0.5 -0.5)
(-29.6 0.5 -0.5)
(-29.5 0.5 -0.5)
(-29.4 0.5 -0.5)
(-29.3 0.5 -0.5)
(-29.2 0.5 -0.5)
(-29.1 0.5 -0.5)
(-29 0.5 -0.5)
(-28.9 0.5 -0.5)
(-28.8 0.5 -0.5)
(-28.7 0.5 -0.5)
(-28.6 0.5 -0.5)
(-28.5 0.5 -0.5)
(-28.4 0.5 -0.5)
(-28.3 0.5 -0.5)
(-28.2 0.5 -0.5)
(-28.1 0.5 -0.5)
(-28 0.5 -0.5)
(-27.9 0.5 -0.5)
(-27.8 0.5 -0.5)
(-27.7 0.5 -0.5)
(-27.6 0.5 -0.5)
(-27.5 0.5 -0.5)
(-27.4 0.5 -0.5)
(-27.3 0.5 -0.5)
(-27.2 0.5 -0.5)
(-27.1 0.5 -0.5)
(-27 0.5 -0.5)
(-26.9 0.5 -0.5)
(-26.8 0.5 -0.5)
(-26.7 0.5 -0.5)
(-26.6 0.5 -0.5)
(-26.5 0.5 -0.5)
(-26.4 0.5 -0.5)
(-26.3 0.5 -0.5)
(-26.2 0.5 -0.5)
(-26.1 0.5 -0.5)
(-26 0.5 -0.5)
(-25.9 0.5 -0.5)
(-25.8 0.5 -0.5)
(-25.7 0.5 -0.5)
(-25.6 0.5 -0.5)
(-25.5 0.5 -0.5)
(-25.4 0.5 -0.5)
(-25.3 0.5 -0.5)
(-25.2 0.5 -0.5)
(-25.1 0.5 -0.5)
(-25 0.5 -0.5)
(-24.9 0.5 -0.5)
(-24.8 0.5 -0.5)
(-24.7 0.5 -0.5)
(-24.6 0.5 -0.5)
(-24.5 0.5 -0.5)
(-24.4 0.5 -0.5)
(-24.3 0.5 -0.5)
(-24.2 0.5 -0.5)
(-24.1 0.5 -0.5)
(-24 0.5 -0.5)
(-23.9 0.5 -0.5)
(-23.8 0.5 -0.5)
(-23.7 0.5 -0.5)
(-23.6 0.5 -0.5)
(-23.5 0.5 -0.5)
(-23.4 0.5 -0.5)
(-23.3 0.5 -0.5)
(-23.2 0.5 -0.5)
(-23.1 0.5 -0.5)
(-23 0.5 -0.5)
(-22.9 0.5 -0.5)
(-22.8 0.5 -0.5)
(-22.7 0.5 -0.5)
(-22.6 0.5 -0.5)
(-22.5 0.5 -0.5)
(-22.4 0.5 -0.5)
(-22.3 0.5 -0.5)
(-22.2 0.5 -0.5)
(-22.1 0.5 -0.5)
(-22 0.5 -0.5)
(-21.9 0.5 -0.5)
(-21.8 0.5 -0.5)
(-21.7 0.5 -0.5)
(-21.6 0.5 -0.5)
(-21.5 0.5 -0.5)
(-21.4 0.5 -0.5)
(-21.3 0.5 -0.5)
(-21.2 0.5 -0.5)
(-21.1 0.5 -0.5)
(-21 0.5 -0.5)
(-20.9 0.5 -0.5)
(-20.8 0.5 -0.5)
(-20.7 0.5 -0.5)
(-20.6 0.5 -0.5)
(-20.5 0.5 -0.5)
(-20.4 0.5 -0.5)
(-20.3 0.5 -0.5)
(-20.2 0.5 -0.5)
(-20.1 0.5 -0.5)
(-20 0.5 -0.5)
(-19.9 0.5 -0.5)
(-19.8 0.5 -0.5)
(-19.7 0.5 -0.5)
(-19.6 0.5 -0.5)
(-19.5 0.5 -0.5)
(-19.4 0.5 -0.5)
(-19.3 0.5 -0.5)
(-19.2 0.5 -0.5)
(-19.1 0.5 -0.5)
(-19 0.5 -0.5)
(-18.9 0.5 -0.5)
(-18.8 0.5 -0.5)
(-18.7 0.5 -0.5)
(-18.6 0.5 -0.5)
(-18.5 0.5 -0.5)
(-18.4 0.5 -0.5)
(-18.3 0.5 -0.5)
(-18.2 0.5 -0.5)
(-18.1 0.5 -0.5)
(-18 0.5 -0.5)
(-17.9 0.5 -0.5)
(-17.8 0.5 -0.5)
(-17.7 0.5 -0.5)
(-17.6 0.5 -0.5)
(-17.5 0.5 -0.5)
(-17.4 0.5 -0.5)
(-17.3 0.5 -0.5)
(-17.2 0.5 -0.5)
(-17.1 0.5 -0.5)
(-17 0.5 -0.5)
(-16.9 0.5 -0.5)
(-16.8 0.5 -0.5)
(-16.7 0.5 -0.5)
(-16.6 0.5 -0.5)
(-16.5 0.5 -0.5)
(-16.4 0.5 -0.5)
(-16.3 0.5 -0.5)
(-16.2 0.5 -0.5)
(-16.1 0.5 -0.5)
(-16 0.5 -0.5)
(-15.9 0.5 -0.5)
(-15.8 0.5 -0.5)
(-15.7 0.5 -0.5)
(-15.6 0.5 -0.5)
(-15.5 0.5 -0.5)
(-15.4 0.5 -0.5)
(-15.3 0.5 -0.5)
(-15.2 0.5 -0.5)
(-15.1 0.5 -0.5)
(-15 0.5 -0.5)
(-14.9 0.5 -0.5)
(-14.8 0.5 -0.5)
(-14.7 0.5 -0.5)
(-14.6 0.5 -0.5)
(-14.5 0.5 -0.5)
(-14.4 0.5 -0.5)
(-14.3 0.5 -0.5)
(-14.2 0.5 -0.5)
(-14.1 0.5 -0.5)
(-14 0.5 -0.5)
(-13.9 0.5 -0.5)
(-13.8 0.5 -0.5)
(-13.7 0.5 -0.5)
(-13.6 0.5 -0.5)
(-13.5 0.5 -0.5)
(-13.4 0.5 -0.5)
(-13.3 0.5 -0.5)
(-13.2 0.5 -0.5)
(-13.1 0.5 -0.5)
(-13 0.5 -0.5)
(-12.9 0.5 -0.5)
(-12.8 0.5 -0.5)
(-12.7 0.5 -0.5)
(-12.6 0.5 -0.5)
(-12.5 0.5 -0.5)
(-12.4 0.5 -0.5)
(-12.3 0.5 -0.5)
(-12.2 0.5 -0.5)
(-12.1 0.5 -0.5)
(-12 0.5 -0.5)
(-11.9 0.5 -0.5)
(-11.8 0.5 -0.5)
(-11.7 0.5 -0.5)
(-11.6 0.5 -0.5)
(-11.5 0.5 -0.5)
(-11.4 0.5 -0.5)
(-11.3 0.5 -0.5)
(-11.2 0.5 -0.5)
(-11.1 0.5 -0.5)
(-11 0.5 -0.5)
(-10.9 0.5 -0.5)
(-10.8 0.5 -0.5)
(-10.7 0.5 -0.5)
(-10.6 0.5 -0.5)
(-10.5 0.5 -0.5)
(-10.4 0.5 -0.5)
(-10.3 0.5 -0.5)
(-10.2 0.5 -0.5)
(-10.1 0.5 -0.5)
(-10 0.5 -0.5)
(-9.9 0.5 -0.5)
(-9.8 0.5 -0.5)
(-9.7 0.5 -0.5)
(-9.6 0.5 -0.5)
(-9.5 0.5 -0.5)
(-9.4 0.5 -0.5)
(-9.3 0.5 -0.5)
(-9.2 0.5 -0.5)
(-9.1 0.5 -0.5)
(-9 0.5 -0.5)
(-8.9 0.5 -0.5)
(-8.8 0.5 -0.5)
(-8.7 0.5 -0.5)
(-8.6 0.5 -0.5)
(-8.5 0.5 -0.5)
(-8.4 0.5 -0.5)
(-8.3 0.5 -0.5)
(-8.2 0.5 -0.5)
(-8.1 0.5 -0.5)
(-8 0.5 -0.5)
(-7.9 0.5 -0.5)
(-7.8 0.5 -0.5)
(-7.7 0.5 -0.5)
(-7.6 0.5 -0.5)
(-7.5 0.5 -0.5)
(-7.4 0.5 -0.5)
(-7.3 0.5 -0.5)
(-7.2 0.5 -0.5)
(-7.1 0.5 -0.5)
(-7 0.5 -0.5)
(-6.9 0.5 -0.5)
(-6.8 0.5 -0.5)
(-6.7 0.5 -0.5)
(-6.6 0.5 -0.5)
(-6.5 0.5 -0.5)
(-6.4 0.5 -0.5)
(-6.3 0.5 -0.5)
(-6.2 0.5 -0.5)
(-6.1 0.5 -0.5)
(-6 0.5 -0.5)
(-5.9 0.5 -0.5)
(-5.8 0.5 -0.5)
(-5.7 0.5 -0.5)
(-5.6 0.5 -0.5)
(-5.5 0.5 -0.5)
(-5.4 0.5 -0.5)
(-5.3 0.5 -0.5)
(-5.2 0.5 -0.5)
(-5.1 0.5 -0.5)
(-5 0.5 -0.5)
(-4.9 0.5 -0.5)
(-4.8 0.5 -0.5)
(-4.7 0.5 -0.5)
(-4.6 0.5 -0.5)
(-4.5 0.5 -0.5)
(-4.4 0.5 -0.5)
(-4.3 0.5 -0.5)
(-4.2 0.5 -0.5)
(-4.1 0.5 -0.5)
(-4 0.5 -0.5)
(-3.9 0.5 -0.5)
(-3.8 0.5 -0.5)
(-3.7 0.5 -0.5)
(-3.6 0.5 -0.5)
(-3.5 0.5 -0.5)
(-3.4 0.5 -0.5)
(-3.3 0.5 -0.5)
(-3.2 0.5 -0.5)
(-3.1 0.5 -0.5)
(-3 0.5 -0.5)
(-2.9 0.5 -0.5)
(-2.8 0.5 -0.5)
(-2.7 0.5 -0.5)
(-2.6 0.5 -0.5)
(-2.5 0.5 -0.5)
(-2.4 0.5 -0.5)
(-2.3 0.5 -0.5)
(-2.2 0.5 -0.5)
(-2.1 0.5 -0.5)
(-2 0.5 -0.5)
(-1.9 0.5 -0.5)
(-1.8 0.5 -0.5)
(-1.7 0.5 -0.5)
(-1.6 0.5 -0.5)
(-1.5 0.5 -0.5)
(-1.4 0.5 -0.5)
(-1.3 0.5 -0.5)
(-1.2 0.5 -0.5)
(-1.1 0.5 -0.5)
(-1 0.5 -0.5)
(-0.9 0.5 -0.5)
(-0.8 0.5 -0.5)
(-0.7 0.5 -0.5)
(-0.6 0.5 -0.5)
(-0.5 0.5 -0.5)
(-0.4 0.5 -0.5)
(-0.3 0.5 -0.5)
(-0.2 0.5 -0.5)
(-0.1 0.5 -0.5)
(0 0.5 -0.5)
(0.1 0.5 -0.5)
(0.2 0.5 -0.5)
(0.3 0.5 -0.5)
(0.4 0.5 -0.5)
(0.5 0.5 -0.5)
(0.6 0.5 -0.5)
(0.7 0.5 -0.5)
(0.8 0.5 -0.5)
(0.9 0.5 -0.5)
(1 0.5 -0.5)
(1.1 0.5 -0.5)
(1.2 0.5 -0.5)
(1.3 0.5 -0.5)
(1.4 0.5 -0.5)
(1.5 0.5 -0.5)
(1.6 0.5 -0.5)
(1.7 0.5 -0.5)
(1.8 0.5 -0.5)
(1.9 0.5 -0.5)
(2 0.5 -0.5)
(2.1 0.5 -0.5)
(2.2 0.5 -0.5)
(2.3 0.5 -0.5)
(2.4 0.5 -0.5)
(2.5 0.5 -0.5)
(2.6 0.5 -0.5)
(2.7 0.5 -0.5)
(2.8 0.5 -0.5)
(2.9 0.5 -0.5)
(3 0.5 -0.5)
(3.1 0.5 -0.5)
(3.2 0.5 -0.5)
(3.3 0.5 -0.5)
(3.4 0.5 -0.5)
(3.5 0.5 -0.5)
(3.6 0.5 -0.5)
(3.7 0.5 -0.5)
(3.8 0.5 -0.5)
(3.9 0.5 -0.5)
(4 0.5 -0.5)
(4.1 0.5 -0.5)
(4.2 0.5 -0.5)
(4.3 0.5 -0.5)
(4.4 0.5 -0.5)
(4.5 0.5 -0.5)
(4.6 0.5 -0.5)
(4.7 0.5 -0.5)
(4.8 0.5 -0.5)
(4.9 0.5 -0.5)
(5 0.5 -0.5)
(5.1 0.5 -0.5)
(5.2 0.5 -0.5)
(5.3 0.5 -0.5)
(5.4 0.5 -0.5)
(5.5 0.5 -0.5)
(5.6 0.5 -0.5)
(5.7 0.5 -0.5)
(5.8 0.5 -0.5)
(5.9 0.5 -0.5)
(6 0.5 -0.5)
(6.1 0.5 -0.5)
(6.2 0.5 -0.5)
(6.3 0.5 -0.5)
(6.4 0.5 -0.5)
(6.5 0.5 -0.5)
(6.6 0.5 -0.5)
(6.7 0.5 -0.5)
(6.8 0.5 -0.5)
(6.9 0.5 -0.5)
(7 0.5 -0.5)
(7.1 0.5 -0.5)
(7.2 0.5 -0.5)
(7.3 0.5 -0.5)
(7.4 0.5 -0.5)
(7.5 0.5 -0.5)
(7.6 0.5 -0.5)
(7.7 0.5 -0.5)
(7.8 0.5 -0.5)
(7.9 0.5 -0.5)
(8 0.5 -0.5)
(8.1 0.5 -0.5)
(8.2 0.5 -0.5)
(8.3 0.5 -0.5)
(8.4 0.5 -0.5)
(8.5 0.5 -0.5)
(8.6 0.5 -0.5)
(8.7 0.5 -0.5)
(8.8 0.5 -0.5)
(8.9 0.5 -0.5)
(9 0.5 -0.5)
(9.1 0.5 -0.5)
(9.2 0.5 -0.5)
(9.3 0.5 -0.5)
(9.4 0.5 -0.5)
(9.5 0.5 -0.5)
(9.6 0.5 -0.5)
(9.7 0.5 -0.5)
(9.8 0.5 -0.5)
(9.9 0.5 -0.5)
(10 0.5 -0.5)
(10.1 0.5 -0.5)
(10.2 0.5 -0.5)
(10.3 0.5 -0.5)
(10.4 0.5 -0.5)
(10.5 0.5 -0.5)
(10.6 0.5 -0.5)
(10.7 0.5 -0.5)
(10.8 0.5 -0.5)
(10.9 0.5 -0.5)
(11 0.5 -0.5)
(11.1 0.5 -0.5)
(11.2 0.5 -0.5)
(11.3 0.5 -0.5)
(11.4 0.5 -0.5)
(11.5 0.5 -0.5)
(11.6 0.5 -0.5)
(11.7 0.5 -0.5)
(11.8 0.5 -0.5)
(11.9 0.5 -0.5)
(12 0.5 -0.5)
(12.1 0.5 -0.5)
(12.2 0.5 -0.5)
(12.3 0.5 -0.5)
(12.4 0.5 -0.5)
(12.5 0.5 -0.5)
(12.6 0.5 -0.5)
(12.7 0.5 -0.5)
(12.8 0.5 -0.5)
(12.9 0.5 -0.5)
(13 0.5 -0.5)
(13.1 0.5 -0.5)
(13.2 0.5 -0.5)
(13.3 0.5 -0.5)
(13.4 0.5 -0.5)
(13.5 0.5 -0.5)
(13.6 0.5 -0.5)
(13.7 0.5 -0.5)
(13.8 0.5 -0.5)
(13.9 0.5 -0.5)
(14 0.5 -0.5)
(14.1 0.5 -0.5)
(14.2 0.5 -0.5)
(14.3 0.5 -0.5)
(14.4 0.5 -0.5)
(14.5 0.5 -0.5)
(14.6 0.5 -0.5)
(14.7 0.5 -0.5)
(14.8 0.5 -0.5)
(14.9 0.5 -0.5)
(15 0.5 -0.5)
(15.1 0.5 -0.5)
(15.2 0.5 -0.5)
(15.3 0.5 -0.5)
(15.4 0.5 -0.5)
(15.5 0.5 -0.5)
(15.6 0.5 -0.5)
(15.7 0.5 -0.5)
(15.8 0.5 -0.5)
(15.9 0.5 -0.5)
(16 0.5 -0.5)
(16.1 0.5 -0.5)
(16.2 0.5 -0.5)
(16.3 0.5 -0.5)
(16.4 0.5 -0.5)
(16.5 0.5 -0.5)
(16.6 0.5 -0.5)
(16.7 0.5 -0.5)
(16.8 0.5 -0.5)
(16.9 0.5 -0.5)
(17 0.5 -0.5)
(17.1 0.5 -0.5)
(17.2 0.5 -0.5)
(17.3 0.5 -0.5)
(17.4 0.5 -0.5)
(17.5 0.5 -0.5)
(17.6 0.5 -0.5)
(17.7 0.5 -0.5)
(17.8 0.5 -0.5)
(17.9 0.5 -0.5)
(18 0.5 -0.5)
(18.1 0.5 -0.5)
(18.2 0.5 -0.5)
(18.3 0.5 -0.5)
(18.4 0.5 -0.5)
(18.5 0.5 -0.5)
(18.6 0.5 -0.5)
(18.7 0.5 -0.5)
(18.8 0.5 -0.5)
(18.9 0.5 -0.5)
(19 0.5 -0.5)
(19.1 0.5 -0.5)
(19.2 0.5 -0.5)
(19.3 0.5 -0.5)
(19.4 0.5 -0.5)
(19.5 0.5 -0.5)
(19.6 0.5 -0.5)
(19.7 0.5 -0.5)
(19.8 0.5 -0.5)
(19.9 0.5 -0.5)
(20 0.5 -0.5)
(20.1 0.5 -0.5)
(20.2 0.5 -0.5)
(20.3 0.5 -0.5)
(20.4 0.5 -0.5)
(20.5 0.5 -0.5)
(20.6 0.5 -0.5)
(20.7 0.5 -0.5)
(20.8 0.5 -0.5)
(20.9 0.5 -0.5)
(21 0.5 -0.5)
(21.1 0.5 -0.5)
(21.2 0.5 -0.5)
(21.3 0.5 -0.5)
(21.4 0.5 -0.5)
(21.5 0.5 -0.5)
(21.6 0.5 -0.5)
(21.7 0.5 -0.5)
(21.8 0.5 -0.5)
(21.9 0.5 -0.5)
(22 0.5 -0.5)
(22.1 0.5 -0.5)
(22.2 0.5 -0.5)
(22.3 0.5 -0.5)
(22.4 0.5 -0.5)
(22.5 0.5 -0.5)
(22.6 0.5 -0.5)
(22.7 0.5 -0.5)
(22.8 0.5 -0.5)
(22.9 0.5 -0.5)
(23 0.5 -0.5)
(23.1 0.5 -0.5)
(23.2 0.5 -0.5)
(23.3 0.5 -0.5)
(23.4 0.5 -0.5)
(23.5 0.5 -0.5)
(23.6 0.5 -0.5)
(23.7 0.5 -0.5)
(23.8 0.5 -0.5)
(23.9 0.5 -0.5)
(24 0.5 -0.5)
(24.1 0.5 -0.5)
(24.2 0.5 -0.5)
(24.3 0.5 -0.5)
(24.4 0.5 -0.5)
(24.5 0.5 -0.5)
(24.6 0.5 -0.5)
(24.7 0.5 -0.5)
(24.8 0.5 -0.5)
(24.9 0.5 -0.5)
(25 0.5 -0.5)
(25.1 0.5 -0.5)
(25.2 0.5 -0.5)
(25.3 0.5 -0.5)
(25.4 0.5 -0.5)
(25.5 0.5 -0.5)
(25.6 0.5 -0.5)
(25.7 0.5 -0.5)
(25.8 0.5 -0.5)
(25.9 0.5 -0.5)
(26 0.5 -0.5)
(26.1 0.5 -0.5)
(26.2 0.5 -0.5)
(26.3 0.5 -0.5)
(26.4 0.5 -0.5)
(26.5 0.5 -0.5)
(26.6 0.5 -0.5)
(26.7 0.5 -0.5)
(26.8 0.5 -0.5)
(26.9 0.5 -0.5)
(27 0.5 -0.5)
(27.1 0.5 -0.5)
(27.2 0.5 -0.5)
(27.3 0.5 -0.5)
(27.4 0.5 -0.5)
(27.5 0.5 -0.5)
(27.6 0.5 -0.5)
(27.7 0.5 -0.5)
(27.8 0.5 -0.5)
(27.9 0.5 -0.5)
(28 0.5 -0.5)
(28.1 0.5 -0.5)
(28.2 0.5 -0.5)
(28.3 0.5 -0.5)
(28.4 0.5 -0.5)
(28.5 0.5 -0.5)
(28.6 0.5 -0.5)
(28.7 0.5 -0.5)
(28.8 0.5 -0.5)
(28.9 0.5 -0.5)
(29 0.5 -0.5)
(29.1 0.5 -0.5)
(29.2 0.5 -0.5)
(29.3 0.5 -0.5)
(29.4 0.5 -0.5)
(29.5 0.5 -0.5)
(29.6 0.5 -0.5)
(29.7 0.5 -0.5)
(29.8 0.5 -0.5)
(29.9 0.5 -0.5)
(30 0.5 -0.5)
(30.1 0.5 -0.5)
(30.2 0.5 -0.5)
(30.3 0.5 -0.5)
(30.4 0.5 -0.5)
(30.5 0.5 -0.5)
(30.6 0.5 -0.5)
(30.7 0.5 -0.5)
(30.8 0.5 -0.5)
(30.9 0.5 -0.5)
(31 0.5 -0.5)
(31.1 0.5 -0.5)
(31.2 0.5 -0.5)
(31.3 0.5 -0.5)
(31.4 0.5 -0.5)
(31.5 0.5 -0.5)
(31.6 0.5 -0.5)
(31.7 0.5 -0.5)
(31.8 0.5 -0.5)
(31.9 0.5 -0.5)
(32 0.5 -0.5)
(32.1 0.5 -0.5)
(32.2 0.5 -0.5)
(32.3 0.5 -0.5)
(32.4 0.5 -0.5)
(32.5 0.5 -0.5)
(32.6 0.5 -0.5)
(32.7 0.5 -0.5)
(32.8 0.5 -0.5)
(32.9 0.5 -0.5)
(33 0.5 -0.5)
(33.1 0.5 -0.5)
(33.2 0.5 -0.5)
(33.3 0.5 -0.5)
(33.4 0.5 -0.5)
(33.5 0.5 -0.5)
(33.6 0.5 -0.5)
(33.7 0.5 -0.5)
(33.8 0.5 -0.5)
(33.9 0.5 -0.5)
(34 0.5 -0.5)
(34.1 0.5 -0.5)
(34.2 0.5 -0.5)
(34.3 0.5 -0.5)
(34.4 0.5 -0.5)
(34.5 0.5 -0.5)
(34.6 0.5 -0.5)
(34.7 0.5 -0.5)
(34.8 0.5 -0.5)
(34.9 0.5 -0.5)
(35 0.5 -0.5)
(35.1 0.5 -0.5)
(35.2 0.5 -0.5)
(35.3 0.5 -0.5)
(35.4 0.5 -0.5)
(35.5 0.5 -0.5)
(35.6 0.5 -0.5)
(35.7 0.5 -0.5)
(35.8 0.5 -0.5)
(35.9 0.5 -0.5)
(36 0.5 -0.5)
(36.1 0.5 -0.5)
(36.2 0.5 -0.5)
(36.3 0.5 -0.5)
(36.4 0.5 -0.5)
(36.5 0.5 -0.5)
(36.6 0.5 -0.5)
(36.7 0.5 -0.5)
(36.8 0.5 -0.5)
(36.9 0.5 -0.5)
(37 0.5 -0.5)
(37.1 0.5 -0.5)
(37.2 0.5 -0.5)
(37.3 0.5 -0.5)
(37.4 0.5 -0.5)
(37.5 0.5 -0.5)
(37.6 0.5 -0.5)
(37.7 0.5 -0.5)
(37.8 0.5 -0.5)
(37.9 0.5 -0.5)
(38 0.5 -0.5)
(38.1 0.5 -0.5)
(38.2 0.5 -0.5)
(38.3 0.5 -0.5)
(38.4 0.5 -0.5)
(38.5 0.5 -0.5)
(38.6 0.5 -0.5)
(38.7 0.5 -0.5)
(38.8 0.5 -0.5)
(38.9 0.5 -0.5)
(39 0.5 -0.5)
(39.1 0.5 -0.5)
(39.2 0.5 -0.5)
(39.3 0.5 -0.5)
(39.4 0.5 -0.5)
(39.5 0.5 -0.5)
(39.6 0.5 -0.5)
(39.7 0.5 -0.5)
(39.8 0.5 -0.5)
(39.9 0.5 -0.5)
(40 0.5 -0.5)
(40.1 0.5 -0.5)
(40.2 0.5 -0.5)
(40.3 0.5 -0.5)
(40.4 0.5 -0.5)
(40.5 0.5 -0.5)
(40.6 0.5 -0.5)
(40.7 0.5 -0.5)
(40.8 0.5 -0.5)
(40.9 0.5 -0.5)
(41 0.5 -0.5)
(41.1 0.5 -0.5)
(41.2 0.5 -0.5)
(41.3 0.5 -0.5)
(41.4 0.5 -0.5)
(41.5 0.5 -0.5)
(41.6 0.5 -0.5)
(41.7 0.5 -0.5)
(41.8 0.5 -0.5)
(41.9 0.5 -0.5)
(42 0.5 -0.5)
(42.1 0.5 -0.5)
(42.2 0.5 -0.5)
(42.3 0.5 -0.5)
(42.4 0.5 -0.5)
(42.5 0.5 -0.5)
(42.6 0.5 -0.5)
(42.7 0.5 -0.5)
(42.8 0.5 -0.5)
(42.9 0.5 -0.5)
(43 0.5 -0.5)
(43.1 0.5 -0.5)
(43.2 0.5 -0.5)
(43.3 0.5 -0.5)
(43.4 0.5 -0.5)
(43.5 0.5 -0.5)
(43.6 0.5 -0.5)
(43.7 0.5 -0.5)
(43.8 0.5 -0.5)
(43.9 0.5 -0.5)
(44 0.5 -0.5)
(44.1 0.5 -0.5)
(44.2 0.5 -0.5)
(44.3 0.5 -0.5)
(44.4 0.5 -0.5)
(44.5 0.5 -0.5)
(44.6 0.5 -0.5)
(44.7 0.5 -0.5)
(44.8 0.5 -0.5)
(44.9 0.5 -0.5)
(45 0.5 -0.5)
(45.1 0.5 -0.5)
(45.2 0.5 -0.5)
(45.3 0.5 -0.5)
(45.4 0.5 -0.5)
(45.5 0.5 -0.5)
(45.6 0.5 -0.5)
(45.7 0.5 -0.5)
(45.8 0.5 -0.5)
(45.9 0.5 -0.5)
(46 0.5 -0.5)
(46.1 0.5 -0.5)
(46.2 0.5 -0.5)
(46.3 0.5 -0.5)
(46.4 0.5 -0.5)
(46.5 0.5 -0.5)
(46.6 0.5 -0.5)
(46.7 0.5 -0.5)
(46.8 0.5 -0.5)
(46.9 0.5 -0.5)
(47 0.5 -0.5)
(47.1 0.5 -0.5)
(47.2 0.5 -0.5)
(47.3 0.5 -0.5)
(47.4 0.5 -0.5)
(47.5 0.5 -0.5)
(47.6 0.5 -0.5)
(47.7 0.5 -0.5)
(47.8 0.5 -0.5)
(47.9 0.5 -0.5)
(48 0.5 -0.5)
(48.1 0.5 -0.5)
(48.2 0.5 -0.5)
(48.3 0.5 -0.5)
(48.4 0.5 -0.5)
(48.5 0.5 -0.5)
(48.6 0.5 -0.5)
(48.7 0.5 -0.5)
(48.8 0.5 -0.5)
(48.9 0.5 -0.5)
(49 0.5 -0.5)
(49.1 0.5 -0.5)
(49.2 0.5 -0.5)
(49.3 0.5 -0.5)
(49.4 0.5 -0.5)
(49.5 0.5 -0.5)
(49.6 0.5 -0.5)
(49.7 0.5 -0.5)
(49.8 0.5 -0.5)
(49.9 0.5 -0.5)
(50 0.5 -0.5)
(-50 -0.5 0.5)
(-49.9 -0.5 0.5)
(-49.8 -0.5 0.5)
(-49.7 -0.5 0.5)
(-49.6 -0.5 0.5)
(-49.5 -0.5 0.5)
(-49.4 -0.5 0.5)
(-49.3 -0.5 0.5)
(-49.2 -0.5 0.5)
(-49.1 -0.5 0.5)
(-49 -0.5 0.5)
(-48.9 -0.5 0.5)
(-48.8 -0.5 0.5)
(-48.7 -0.5 0.5)
(-48.6 -0.5 0.5)
(-48.5 -0.5 0.5)
(-48.4 -0.5 0.5)
(-48.3 -0.5 0.5)
(-48.2 -0.5 0.5)
(-48.1 -0.5 0.5)
(-48 -0.5 0.5)
(-47.9 -0.5 0.5)
(-47.8 -0.5 0.5)
(-47.7 -0.5 0.5)
(-47.6 -0.5 0.5)
(-47.5 -0.5 0.5)
(-47.4 -0.5 0.5)
(-47.3 -0.5 0.5)
(-47.2 -0.5 0.5)
(-47.1 -0.5 0.5)
(-47 -0.5 0.5)
(-46.9 -0.5 0.5)
(-46.8 -0.5 0.5)
(-46.7 -0.5 0.5)
(-46.6 -0.5 0.5)
(-46.5 -0.5 0.5)
(-46.4 -0.5 0.5)
(-46.3 -0.5 0.5)
(-46.2 -0.5 0.5)
(-46.1 -0.5 0.5)
(-46 -0.5 0.5)
(-45.9 -0.5 0.5)
(-45.8 -0.5 0.5)
(-45.7 -0.5 0.5)
(-45.6 -0.5 0.5)
(-45.5 -0.5 0.5)
(-45.4 -0.5 0.5)
(-45.3 -0.5 0.5)
(-45.2 -0.5 0.5)
(-45.1 -0.5 0.5)
(-45 -0.5 0.5)
(-44.9 -0.5 0.5)
(-44.8 -0.5 0.5)
(-44.7 -0.5 0.5)
(-44.6 -0.5 0.5)
(-44.5 -0.5 0.5)
(-44.4 -0.5 0.5)
(-44.3 -0.5 0.5)
(-44.2 -0.5 0.5)
(-44.1 -0.5 0.5)
(-44 -0.5 0.5)
(-43.9 -0.5 0.5)
(-43.8 -0.5 0.5)
(-43.7 -0.5 0.5)
(-43.6 -0.5 0.5)
(-43.5 -0.5 0.5)
(-43.4 -0.5 0.5)
(-43.3 -0.5 0.5)
(-43.2 -0.5 0.5)
(-43.1 -0.5 0.5)
(-43 -0.5 0.5)
(-42.9 -0.5 0.5)
(-42.8 -0.5 0.5)
(-42.7 -0.5 0.5)
(-42.6 -0.5 0.5)
(-42.5 -0.5 0.5)
(-42.4 -0.5 0.5)
(-42.3 -0.5 0.5)
(-42.2 -0.5 0.5)
(-42.1 -0.5 0.5)
(-42 -0.5 0.5)
(-41.9 -0.5 0.5)
(-41.8 -0.5 0.5)
(-41.7 -0.5 0.5)
(-41.6 -0.5 0.5)
(-41.5 -0.5 0.5)
(-41.4 -0.5 0.5)
(-41.3 -0.5 0.5)
(-41.2 -0.5 0.5)
(-41.1 -0.5 0.5)
(-41 -0.5 0.5)
(-40.9 -0.5 0.5)
(-40.8 -0.5 0.5)
(-40.7 -0.5 0.5)
(-40.6 -0.5 0.5)
(-40.5 -0.5 0.5)
(-40.4 -0.5 0.5)
(-40.3 -0.5 0.5)
(-40.2 -0.5 0.5)
(-40.1 -0.5 0.5)
(-40 -0.5 0.5)
(-39.9 -0.5 0.5)
(-39.8 -0.5 0.5)
(-39.7 -0.5 0.5)
(-39.6 -0.5 0.5)
(-39.5 -0.5 0.5)
(-39.4 -0.5 0.5)
(-39.3 -0.5 0.5)
(-39.2 -0.5 0.5)
(-39.1 -0.5 0.5)
(-39 -0.5 0.5)
(-38.9 -0.5 0.5)
(-38.8 -0.5 0.5)
(-38.7 -0.5 0.5)
(-38.6 -0.5 0.5)
(-38.5 -0.5 0.5)
(-38.4 -0.5 0.5)
(-38.3 -0.5 0.5)
(-38.2 -0.5 0.5)
(-38.1 -0.5 0.5)
(-38 -0.5 0.5)
(-37.9 -0.5 0.5)
(-37.8 -0.5 0.5)
(-37.7 -0.5 0.5)
(-37.6 -0.5 0.5)
(-37.5 -0.5 0.5)
(-37.4 -0.5 0.5)
(-37.3 -0.5 0.5)
(-37.2 -0.5 0.5)
(-37.1 -0.5 0.5)
(-37 -0.5 0.5)
(-36.9 -0.5 0.5)
(-36.8 -0.5 0.5)
(-36.7 -0.5 0.5)
(-36.6 -0.5 0.5)
(-36.5 -0.5 0.5)
(-36.4 -0.5 0.5)
(-36.3 -0.5 0.5)
(-36.2 -0.5 0.5)
(-36.1 -0.5 0.5)
(-36 -0.5 0.5)
(-35.9 -0.5 0.5)
(-35.8 -0.5 0.5)
(-35.7 -0.5 0.5)
(-35.6 -0.5 0.5)
(-35.5 -0.5 0.5)
(-35.4 -0.5 0.5)
(-35.3 -0.5 0.5)
(-35.2 -0.5 0.5)
(-35.1 -0.5 0.5)
(-35 -0.5 0.5)
(-34.9 -0.5 0.5)
(-34.8 -0.5 0.5)
(-34.7 -0.5 0.5)
(-34.6 -0.5 0.5)
(-34.5 -0.5 0.5)
(-34.4 -0.5 0.5)
(-34.3 -0.5 0.5)
(-34.2 -0.5 0.5)
(-34.1 -0.5 0.5)
(-34 -0.5 0.5)
(-33.9 -0.5 0.5)
(-33.8 -0.5 0.5)
(-33.7 -0.5 0.5)
(-33.6 -0.5 0.5)
(-33.5 -0.5 0.5)
(-33.4 -0.5 0.5)
(-33.3 -0.5 0.5)
(-33.2 -0.5 0.5)
(-33.1 -0.5 0.5)
(-33 -0.5 0.5)
(-32.9 -0.5 0.5)
(-32.8 -0.5 0.5)
(-32.7 -0.5 0.5)
(-32.6 -0.5 0.5)
(-32.5 -0.5 0.5)
(-32.4 -0.5 0.5)
(-32.3 -0.5 0.5)
(-32.2 -0.5 0.5)
(-32.1 -0.5 0.5)
(-32 -0.5 0.5)
(-31.9 -0.5 0.5)
(-31.8 -0.5 0.5)
(-31.7 -0.5 0.5)
(-31.6 -0.5 0.5)
(-31.5 -0.5 0.5)
(-31.4 -0.5 0.5)
(-31.3 -0.5 0.5)
(-31.2 -0.5 0.5)
(-31.1 -0.5 0.5)
(-31 -0.5 0.5)
(-30.9 -0.5 0.5)
(-30.8 -0.5 0.5)
(-30.7 -0.5 0.5)
(-30.6 -0.5 0.5)
(-30.5 -0.5 0.5)
(-30.4 -0.5 0.5)
(-30.3 -0.5 0.5)
(-30.2 -0.5 0.5)
(-30.1 -0.5 0.5)
(-30 -0.5 0.5)
(-29.9 -0.5 0.5)
(-29.8 -0.5 0.5)
(-29.7 -0.5 0.5)
(-29.6 -0.5 0.5)
(-29.5 -0.5 0.5)
(-29.4 -0.5 0.5)
(-29.3 -0.5 0.5)
(-29.2 -0.5 0.5)
(-29.1 -0.5 0.5)
(-29 -0.5 0.5)
(-28.9 -0.5 0.5)
(-28.8 -0.5 0.5)
(-28.7 -0.5 0.5)
(-28.6 -0.5 0.5)
(-28.5 -0.5 0.5)
(-28.4 -0.5 0.5)
(-28.3 -0.5 0.5)
(-28.2 -0.5 0.5)
(-28.1 -0.5 0.5)
(-28 -0.5 0.5)
(-27.9 -0.5 0.5)
(-27.8 -0.5 0.5)
(-27.7 -0.5 0.5)
(-27.6 -0.5 0.5)
(-27.5 -0.5 0.5)
(-27.4 -0.5 0.5)
(-27.3 -0.5 0.5)
(-27.2 -0.5 0.5)
(-27.1 -0.5 0.5)
(-27 -0.5 0.5)
(-26.9 -0.5 0.5)
(-26.8 -0.5 0.5)
(-26.7 -0.5 0.5)
(-26.6 -0.5 0.5)
(-26.5 -0.5 0.5)
(-26.4 -0.5 0.5)
(-26.3 -0.5 0.5)
(-26.2 -0.5 0.5)
(-26.1 -0.5 0.5)
(-26 -0.5 0.5)
(-25.9 -0.5 0.5)
(-25.8 -0.5 0.5)
(-25.7 -0.5 0.5)
(-25.6 -0.5 0.5)
(-25.5 -0.5 0.5)
(-25.4 -0.5 0.5)
(-25.3 -0.5 0.5)
(-25.2 -0.5 0.5)
(-25.1 -0.5 0.5)
(-25 -0.5 0.5)
(-24.9 -0.5 0.5)
(-24.8 -0.5 0.5)
(-24.7 -0.5 0.5)
(-24.6 -0.5 0.5)
(-24.5 -0.5 0.5)
(-24.4 -0.5 0.5)
(-24.3 -0.5 0.5)
(-24.2 -0.5 0.5)
(-24.1 -0.5 0.5)
(-24 -0.5 0.5)
(-23.9 -0.5 0.5)
(-23.8 -0.5 0.5)
(-23.7 -0.5 0.5)
(-23.6 -0.5 0.5)
(-23.5 -0.5 0.5)
(-23.4 -0.5 0.5)
(-23.3 -0.5 0.5)
(-23.2 -0.5 0.5)
(-23.1 -0.5 0.5)
(-23 -0.5 0.5)
(-22.9 -0.5 0.5)
(-22.8 -0.5 0.5)
(-22.7 -0.5 0.5)
(-22.6 -0.5 0.5)
(-22.5 -0.5 0.5)
(-22.4 -0.5 0.5)
(-22.3 -0.5 0.5)
(-22.2 -0.5 0.5)
(-22.1 -0.5 0.5)
(-22 -0.5 0.5)
(-21.9 -0.5 0.5)
(-21.8 -0.5 0.5)
(-21.7 -0.5 0.5)
(-21.6 -0.5 0.5)
(-21.5 -0.5 0.5)
(-21.4 -0.5 0.5)
(-21.3 -0.5 0.5)
(-21.2 -0.5 0.5)
(-21.1 -0.5 0.5)
(-21 -0.5 0.5)
(-20.9 -0.5 0.5)
(-20.8 -0.5 0.5)
(-20.7 -0.5 0.5)
(-20.6 -0.5 0.5)
(-20.5 -0.5 0.5)
(-20.4 -0.5 0.5)
(-20.3 -0.5 0.5)
(-20.2 -0.5 0.5)
(-20.1 -0.5 0.5)
(-20 -0.5 0.5)
(-19.9 -0.5 0.5)
(-19.8 -0.5 0.5)
(-19.7 -0.5 0.5)
(-19.6 -0.5 0.5)
(-19.5 -0.5 0.5)
(-19.4 -0.5 0.5)
(-19.3 -0.5 0.5)
(-19.2 -0.5 0.5)
(-19.1 -0.5 0.5)
(-19 -0.5 0.5)
(-18.9 -0.5 0.5)
(-18.8 -0.5 0.5)
(-18.7 -0.5 0.5)
(-18.6 -0.5 0.5)
(-18.5 -0.5 0.5)
(-18.4 -0.5 0.5)
(-18.3 -0.5 0.5)
(-18.2 -0.5 0.5)
(-18.1 -0.5 0.5)
(-18 -0.5 0.5)
(-17.9 -0.5 0.5)
(-17.8 -0.5 0.5)
(-17.7 -0.5 0.5)
(-17.6 -0.5 0.5)
(-17.5 -0.5 0.5)
(-17.4 -0.5 0.5)
(-17.3 -0.5 0.5)
(-17.2 -0.5 0.5)
(-17.1 -0.5 0.5)
(-17 -0.5 0.5)
(-16.9 -0.5 0.5)
(-16.8 -0.5 0.5)
(-16.7 -0.5 0.5)
(-16.6 -0.5 0.5)
(-16.5 -0.5 0.5)
(-16.4 -0.5 0.5)
(-16.3 -0.5 0.5)
(-16.2 -0.5 0.5)
(-16.1 -0.5 0.5)
(-16 -0.5 0.5)
(-15.9 -0.5 0.5)
(-15.8 -0.5 0.5)
(-15.7 -0.5 0.5)
(-15.6 -0.5 0.5)
(-15.5 -0.5 0.5)
(-15.4 -0.5 0.5)
(-15.3 -0.5 0.5)
(-15.2 -0.5 0.5)
(-15.1 -0.5 0.5)
(-15 -0.5 0.5)
(-14.9 -0.5 0.5)
(-14.8 -0.5 0.5)
(-14.7 -0.5 0.5)
(-14.6 -0.5 0.5)
(-14.5 -0.5 0.5)
(-14.4 -0.5 0.5)
(-14.3 -0.5 0.5)
(-14.2 -0.5 0.5)
(-14.1 -0.5 0.5)
(-14 -0.5 0.5)
(-13.9 -0.5 0.5)
(-13.8 -0.5 0.5)
(-13.7 -0.5 0.5)
(-13.6 -0.5 0.5)
(-13.5 -0.5 0.5)
(-13.4 -0.5 0.5)
(-13.3 -0.5 0.5)
(-13.2 -0.5 0.5)
(-13.1 -0.5 0.5)
(-13 -0.5 0.5)
(-12.9 -0.5 0.5)
(-12.8 -0.5 0.5)
(-12.7 -0.5 0.5)
(-12.6 -0.5 0.5)
(-12.5 -0.5 0.5)
(-12.4 -0.5 0.5)
(-12.3 -0.5 0.5)
(-12.2 -0.5 0.5)
(-12.1 -0.5 0.5)
(-12 -0.5 0.5)
(-11.9 -0.5 0.5)
(-11.8 -0.5 0.5)
(-11.7 -0.5 0.5)
(-11.6 -0.5 0.5)
(-11.5 -0.5 0.5)
(-11.4 -0.5 0.5)
(-11.3 -0.5 0.5)
(-11.2 -0.5 0.5)
(-11.1 -0.5 0.5)
(-11 -0.5 0.5)
(-10.9 -0.5 0.5)
(-10.8 -0.5 0.5)
(-10.7 -0.5 0.5)
(-10.6 -0.5 0.5)
(-10.5 -0.5 0.5)
(-10.4 -0.5 0.5)
(-10.3 -0.5 0.5)
(-10.2 -0.5 0.5)
(-10.1 -0.5 0.5)
(-10 -0.5 0.5)
(-9.9 -0.5 0.5)
(-9.8 -0.5 0.5)
(-9.7 -0.5 0.5)
(-9.6 -0.5 0.5)
(-9.5 -0.5 0.5)
(-9.4 -0.5 0.5)
(-9.3 -0.5 0.5)
(-9.2 -0.5 0.5)
(-9.1 -0.5 0.5)
(-9 -0.5 0.5)
(-8.9 -0.5 0.5)
(-8.8 -0.5 0.5)
(-8.7 -0.5 0.5)
(-8.6 -0.5 0.5)
(-8.5 -0.5 0.5)
(-8.4 -0.5 0.5)
(-8.3 -0.5 0.5)
(-8.2 -0.5 0.5)
(-8.1 -0.5 0.5)
(-8 -0.5 0.5)
(-7.9 -0.5 0.5)
(-7.8 -0.5 0.5)
(-7.7 -0.5 0.5)
(-7.6 -0.5 0.5)
(-7.5 -0.5 0.5)
(-7.4 -0.5 0.5)
(-7.3 -0.5 0.5)
(-7.2 -0.5 0.5)
(-7.1 -0.5 0.5)
(-7 -0.5 0.5)
(-6.9 -0.5 0.5)
(-6.8 -0.5 0.5)
(-6.7 -0.5 0.5)
(-6.6 -0.5 0.5)
(-6.5 -0.5 0.5)
(-6.4 -0.5 0.5)
(-6.3 -0.5 0.5)
(-6.2 -0.5 0.5)
(-6.1 -0.5 0.5)
(-6 -0.5 0.5)
(-5.9 -0.5 0.5)
(-5.8 -0.5 0.5)
(-5.7 -0.5 0.5)
(-5.6 -0.5 0.5)
(-5.5 -0.5 0.5)
(-5.4 -0.5 0.5)
(-5.3 -0.5 0.5)
(-5.2 -0.5 0.5)
(-5.1 -0.5 0.5)
(-5 -0.5 0.5)
(-4.9 -0.5 0.5)
(-4.8 -0.5 0.5)
(-4.7 -0.5 0.5)
(-4.6 -0.5 0.5)
(-4.5 -0.5 0.5)
(-4.4 -0.5 0.5)
(-4.3 -0.5 0.5)
(-4.2 -0.5 0.5)
(-4.1 -0.5 0.5)
(-4 -0.5 0.5)
(-3.9 -0.5 0.5)
(-3.8 -0.5 0.5)
(-3.7 -0.5 0.5)
(-3.6 -0.5 0.5)
(-3.5 -0.5 0.5)
(-3.4 -0.5 0.5)
(-3.3 -0.5 0.5)
(-3.2 -0.5 0.5)
(-3.1 -0.5 0.5)
(-3 -0.5 0.5)
(-2.9 -0.5 0.5)
(-2.8 -0.5 0.5)
(-2.7 -0.5 0.5)
(-2.6 -0.5 0.5)
(-2.5 -0.5 0.5)
(-2.4 -0.5 0.5)
(-2.3 -0.5 0.5)
(-2.2 -0.5 0.5)
(-2.1 -0.5 0.5)
(-2 -0.5 0.5)
(-1.9 -0.5 0.5)
(-1.8 -0.5 0.5)
(-1.7 -0.5 0.5)
(-1.6 -0.5 0.5)
(-1.5 -0.5 0.5)
(-1.4 -0.5 0.5)
(-1.3 -0.5 0.5)
(-1.2 -0.5 0.5)
(-1.1 -0.5 0.5)
(-1 -0.5 0.5)
(-0.9 -0.5 0.5)
(-0.8 -0.5 0.5)
(-0.7 -0.5 0.5)
(-0.6 -0.5 0.5)
(-0.5 -0.5 0.5)
(-0.4 -0.5 0.5)
(-0.3 -0.5 0.5)
(-0.2 -0.5 0.5)
(-0.1 -0.5 0.5)
(0 -0.5 0.5)
(0.1 -0.5 0.5)
(0.2 -0.5 0.5)
(0.3 -0.5 0.5)
(0.4 -0.5 0.5)
(0.5 -0.5 0.5)
(0.6 -0.5 0.5)
(0.7 -0.5 0.5)
(0.8 -0.5 0.5)
(0.9 -0.5 0.5)
(1 -0.5 0.5)
(1.1 -0.5 0.5)
(1.2 -0.5 0.5)
(1.3 -0.5 0.5)
(1.4 -0.5 0.5)
(1.5 -0.5 0.5)
(1.6 -0.5 0.5)
(1.7 -0.5 0.5)
(1.8 -0.5 0.5)
(1.9 -0.5 0.5)
(2 -0.5 0.5)
(2.1 -0.5 0.5)
(2.2 -0.5 0.5)
(2.3 -0.5 0.5)
(2.4 -0.5 0.5)
(2.5 -0.5 0.5)
(2.6 -0.5 0.5)
(2.7 -0.5 0.5)
(2.8 -0.5 0.5)
(2.9 -0.5 0.5)
(3 -0.5 0.5)
(3.1 -0.5 0.5)
(3.2 -0.5 0.5)
(3.3 -0.5 0.5)
(3.4 -0.5 0.5)
(3.5 -0.5 0.5)
(3.6 -0.5 0.5)
(3.7 -0.5 0.5)
(3.8 -0.5 0.5)
(3.9 -0.5 0.5)
(4 -0.5 0.5)
(4.1 -0.5 0.5)
(4.2 -0.5 0.5)
(4.3 -0.5 0.5)
(4.4 -0.5 0.5)
(4.5 -0.5 0.5)
(4.6 -0.5 0.5)
(4.7 -0.5 0.5)
(4.8 -0.5 0.5)
(4.9 -0.5 0.5)
(5 -0.5 0.5)
(5.1 -0.5 0.5)
(5.2 -0.5 0.5)
(5.3 -0.5 0.5)
(5.4 -0.5 0.5)
(5.5 -0.5 0.5)
(5.6 -0.5 0.5)
(5.7 -0.5 0.5)
(5.8 -0.5 0.5)
(5.9 -0.5 0.5)
(6 -0.5 0.5)
(6.1 -0.5 0.5)
(6.2 -0.5 0.5)
(6.3 -0.5 0.5)
(6.4 -0.5 0.5)
(6.5 -0.5 0.5)
(6.6 -0.5 0.5)
(6.7 -0.5 0.5)
(6.8 -0.5 0.5)
(6.9 -0.5 0.5)
(7 -0.5 0.5)
(7.1 -0.5 0.5)
(7.2 -0.5 0.5)
(7.3 -0.5 0.5)
(7.4 -0.5 0.5)
(7.5 -0.5 0.5)
(7.6 -0.5 0.5)
(7.7 -0.5 0.5)
(7.8 -0.5 0.5)
(7.9 -0.5 0.5)
(8 -0.5 0.5)
(8.1 -0.5 0.5)
(8.2 -0.5 0.5)
(8.3 -0.5 0.5)
(8.4 -0.5 0.5)
(8.5 -0.5 0.5)
(8.6 -0.5 0.5)
(8.7 -0.5 0.5)
(8.8 -0.5 0.5)
(8.9 -0.5 0.5)
(9 -0.5 0.5)
(9.1 -0.5 0.5)
(9.2 -0.5 0.5)
(9.3 -0.5 0.5)
(9.4 -0.5 0.5)
(9.5 -0.5 0.5)
(9.6 -0.5 0.5)
(9.7 -0.5 0.5)
(9.8 -0.5 0.5)
(9.9 -0.5 0.5)
(10 -0.5 0.5)
(10.1 -0.5 0.5)
(10.2 -0.5 0.5)
(10.3 -0.5 0.5)
(10.4 -0.5 0.5)
(10.5 -0.5 0.5)
(10.6 -0.5 0.5)
(10.7 -0.5 0.5)
(10.8 -0.5 0.5)
(10.9 -0.5 0.5)
(11 -0.5 0.5)
(11.1 -0.5 0.5)
(11.2 -0.5 0.5)
(11.3 -0.5 0.5)
(11.4 -0.5 0.5)
(11.5 -0.5 0.5)
(11.6 -0.5 0.5)
(11.7 -0.5 0.5)
(11.8 -0.5 0.5)
(11.9 -0.5 0.5)
(12 -0.5 0.5)
(12.1 -0.5 0.5)
(12.2 -0.5 0.5)
(12.3 -0.5 0.5)
(12.4 -0.5 0.5)
(12.5 -0.5 0.5)
(12.6 -0.5 0.5)
(12.7 -0.5 0.5)
(12.8 -0.5 0.5)
(12.9 -0.5 0.5)
(13 -0.5 0.5)
(13.1 -0.5 0.5)
(13.2 -0.5 0.5)
(13.3 -0.5 0.5)
(13.4 -0.5 0.5)
(13.5 -0.5 0.5)
(13.6 -0.5 0.5)
(13.7 -0.5 0.5)
(13.8 -0.5 0.5)
(13.9 -0.5 0.5)
(14 -0.5 0.5)
(14.1 -0.5 0.5)
(14.2 -0.5 0.5)
(14.3 -0.5 0.5)
(14.4 -0.5 0.5)
(14.5 -0.5 0.5)
(14.6 -0.5 0.5)
(14.7 -0.5 0.5)
(14.8 -0.5 0.5)
(14.9 -0.5 0.5)
(15 -0.5 0.5)
(15.1 -0.5 0.5)
(15.2 -0.5 0.5)
(15.3 -0.5 0.5)
(15.4 -0.5 0.5)
(15.5 -0.5 0.5)
(15.6 -0.5 0.5)
(15.7 -0.5 0.5)
(15.8 -0.5 0.5)
(15.9 -0.5 0.5)
(16 -0.5 0.5)
(16.1 -0.5 0.5)
(16.2 -0.5 0.5)
(16.3 -0.5 0.5)
(16.4 -0.5 0.5)
(16.5 -0.5 0.5)
(16.6 -0.5 0.5)
(16.7 -0.5 0.5)
(16.8 -0.5 0.5)
(16.9 -0.5 0.5)
(17 -0.5 0.5)
(17.1 -0.5 0.5)
(17.2 -0.5 0.5)
(17.3 -0.5 0.5)
(17.4 -0.5 0.5)
(17.5 -0.5 0.5)
(17.6 -0.5 0.5)
(17.7 -0.5 0.5)
(17.8 -0.5 0.5)
(17.9 -0.5 0.5)
(18 -0.5 0.5)
(18.1 -0.5 0.5)
(18.2 -0.5 0.5)
(18.3 -0.5 0.5)
(18.4 -0.5 0.5)
(18.5 -0.5 0.5)
(18.6 -0.5 0.5)
(18.7 -0.5 0.5)
(18.8 -0.5 0.5)
(18.9 -0.5 0.5)
(19 -0.5 0.5)
(19.1 -0.5 0.5)
(19.2 -0.5 0.5)
(19.3 -0.5 0.5)
(19.4 -0.5 0.5)
(19.5 -0.5 0.5)
(19.6 -0.5 0.5)
(19.7 -0.5 0.5)
(19.8 -0.5 0.5)
(19.9 -0.5 0.5)
(20 -0.5 0.5)
(20.1 -0.5 0.5)
(20.2 -0.5 0.5)
(20.3 -0.5 0.5)
(20.4 -0.5 0.5)
(20.5 -0.5 0.5)
(20.6 -0.5 0.5)
(20.7 -0.5 0.5)
(20.8 -0.5 0.5)
(20.9 -0.5 0.5)
(21 -0.5 0.5)
(21.1 -0.5 0.5)
(21.2 -0.5 0.5)
(21.3 -0.5 0.5)
(21.4 -0.5 0.5)
(21.5 -0.5 0.5)
(21.6 -0.5 0.5)
(21.7 -0.5 0.5)
(21.8 -0.5 0.5)
(21.9 -0.5 0.5)
(22 -0.5 0.5)
(22.1 -0.5 0.5)
(22.2 -0.5 0.5)
(22.3 -0.5 0.5)
(22.4 -0.5 0.5)
(22.5 -0.5 0.5)
(22.6 -0.5 0.5)
(22.7 -0.5 0.5)
(22.8 -0.5 0.5)
(22.9 -0.5 0.5)
(23 -0.5 0.5)
(23.1 -0.5 0.5)
(23.2 -0.5 0.5)
(23.3 -0.5 0.5)
(23.4 -0.5 0.5)
(23.5 -0.5 0.5)
(23.6 -0.5 0.5)
(23.7 -0.5 0.5)
(23.8 -0.5 0.5)
(23.9 -0.5 0.5)
(24 -0.5 0.5)
(24.1 -0.5 0.5)
(24.2 -0.5 0.5)
(24.3 -0.5 0.5)
(24.4 -0.5 0.5)
(24.5 -0.5 0.5)
(24.6 -0.5 0.5)
(24.7 -0.5 0.5)
(24.8 -0.5 0.5)
(24.9 -0.5 0.5)
(25 -0.5 0.5)
(25.1 -0.5 0.5)
(25.2 -0.5 0.5)
(25.3 -0.5 0.5)
(25.4 -0.5 0.5)
(25.5 -0.5 0.5)
(25.6 -0.5 0.5)
(25.7 -0.5 0.5)
(25.8 -0.5 0.5)
(25.9 -0.5 0.5)
(26 -0.5 0.5)
(26.1 -0.5 0.5)
(26.2 -0.5 0.5)
(26.3 -0.5 0.5)
(26.4 -0.5 0.5)
(26.5 -0.5 0.5)
(26.6 -0.5 0.5)
(26.7 -0.5 0.5)
(26.8 -0.5 0.5)
(26.9 -0.5 0.5)
(27 -0.5 0.5)
(27.1 -0.5 0.5)
(27.2 -0.5 0.5)
(27.3 -0.5 0.5)
(27.4 -0.5 0.5)
(27.5 -0.5 0.5)
(27.6 -0.5 0.5)
(27.7 -0.5 0.5)
(27.8 -0.5 0.5)
(27.9 -0.5 0.5)
(28 -0.5 0.5)
(28.1 -0.5 0.5)
(28.2 -0.5 0.5)
(28.3 -0.5 0.5)
(28.4 -0.5 0.5)
(28.5 -0.5 0.5)
(28.6 -0.5 0.5)
(28.7 -0.5 0.5)
(28.8 -0.5 0.5)
(28.9 -0.5 0.5)
(29 -0.5 0.5)
(29.1 -0.5 0.5)
(29.2 -0.5 0.5)
(29.3 -0.5 0.5)
(29.4 -0.5 0.5)
(29.5 -0.5 0.5)
(29.6 -0.5 0.5)
(29.7 -0.5 0.5)
(29.8 -0.5 0.5)
(29.9 -0.5 0.5)
(30 -0.5 0.5)
(30.1 -0.5 0.5)
(30.2 -0.5 0.5)
(30.3 -0.5 0.5)
(30.4 -0.5 0.5)
(30.5 -0.5 0.5)
(30.6 -0.5 0.5)
(30.7 -0.5 0.5)
(30.8 -0.5 0.5)
(30.9 -0.5 0.5)
(31 -0.5 0.5)
(31.1 -0.5 0.5)
(31.2 -0.5 0.5)
(31.3 -0.5 0.5)
(31.4 -0.5 0.5)
(31.5 -0.5 0.5)
(31.6 -0.5 0.5)
(31.7 -0.5 0.5)
(31.8 -0.5 0.5)
(31.9 -0.5 0.5)
(32 -0.5 0.5)
(32.1 -0.5 0.5)
(32.2 -0.5 0.5)
(32.3 -0.5 0.5)
(32.4 -0.5 0.5)
(32.5 -0.5 0.5)
(32.6 -0.5 0.5)
(32.7 -0.5 0.5)
(32.8 -0.5 0.5)
(32.9 -0.5 0.5)
(33 -0.5 0.5)
(33.1 -0.5 0.5)
(33.2 -0.5 0.5)
(33.3 -0.5 0.5)
(33.4 -0.5 0.5)
(33.5 -0.5 0.5)
(33.6 -0.5 0.5)
(33.7 -0.5 0.5)
(33.8 -0.5 0.5)
(33.9 -0.5 0.5)
(34 -0.5 0.5)
(34.1 -0.5 0.5)
(34.2 -0.5 0.5)
(34.3 -0.5 0.5)
(34.4 -0.5 0.5)
(34.5 -0.5 0.5)
(34.6 -0.5 0.5)
(34.7 -0.5 0.5)
(34.8 -0.5 0.5)
(34.9 -0.5 0.5)
(35 -0.5 0.5)
(35.1 -0.5 0.5)
(35.2 -0.5 0.5)
(35.3 -0.5 0.5)
(35.4 -0.5 0.5)
(35.5 -0.5 0.5)
(35.6 -0.5 0.5)
(35.7 -0.5 0.5)
(35.8 -0.5 0.5)
(35.9 -0.5 0.5)
(36 -0.5 0.5)
(36.1 -0.5 0.5)
(36.2 -0.5 0.5)
(36.3 -0.5 0.5)
(36.4 -0.5 0.5)
(36.5 -0.5 0.5)
(36.6 -0.5 0.5)
(36.7 -0.5 0.5)
(36.8 -0.5 0.5)
(36.9 -0.5 0.5)
(37 -0.5 0.5)
(37.1 -0.5 0.5)
(37.2 -0.5 0.5)
(37.3 -0.5 0.5)
(37.4 -0.5 0.5)
(37.5 -0.5 0.5)
(37.6 -0.5 0.5)
(37.7 -0.5 0.5)
(37.8 -0.5 0.5)
(37.9 -0.5 0.5)
(38 -0.5 0.5)
(38.1 -0.5 0.5)
(38.2 -0.5 0.5)
(38.3 -0.5 0.5)
(38.4 -0.5 0.5)
(38.5 -0.5 0.5)
(38.6 -0.5 0.5)
(38.7 -0.5 0.5)
(38.8 -0.5 0.5)
(38.9 -0.5 0.5)
(39 -0.5 0.5)
(39.1 -0.5 0.5)
(39.2 -0.5 0.5)
(39.3 -0.5 0.5)
(39.4 -0.5 0.5)
(39.5 -0.5 0.5)
(39.6 -0.5 0.5)
(39.7 -0.5 0.5)
(39.8 -0.5 0.5)
(39.9 -0.5 0.5)
(40 -0.5 0.5)
(40.1 -0.5 0.5)
(40.2 -0.5 0.5)
(40.3 -0.5 0.5)
(40.4 -0.5 0.5)
(40.5 -0.5 0.5)
(40.6 -0.5 0.5)
(40.7 -0.5 0.5)
(40.8 -0.5 0.5)
(40.9 -0.5 0.5)
(41 -0.5 0.5)
(41.1 -0.5 0.5)
(41.2 -0.5 0.5)
(41.3 -0.5 0.5)
(41.4 -0.5 0.5)
(41.5 -0.5 0.5)
(41.6 -0.5 0.5)
(41.7 -0.5 0.5)
(41.8 -0.5 0.5)
(41.9 -0.5 0.5)
(42 -0.5 0.5)
(42.1 -0.5 0.5)
(42.2 -0.5 0.5)
(42.3 -0.5 0.5)
(42.4 -0.5 0.5)
(42.5 -0.5 0.5)
(42.6 -0.5 0.5)
(42.7 -0.5 0.5)
(42.8 -0.5 0.5)
(42.9 -0.5 0.5)
(43 -0.5 0.5)
(43.1 -0.5 0.5)
(43.2 -0.5 0.5)
(43.3 -0.5 0.5)
(43.4 -0.5 0.5)
(43.5 -0.5 0.5)
(43.6 -0.5 0.5)
(43.7 -0.5 0.5)
(43.8 -0.5 0.5)
(43.9 -0.5 0.5)
(44 -0.5 0.5)
(44.1 -0.5 0.5)
(44.2 -0.5 0.5)
(44.3 -0.5 0.5)
(44.4 -0.5 0.5)
(44.5 -0.5 0.5)
(44.6 -0.5 0.5)
(44.7 -0.5 0.5)
(44.8 -0.5 0.5)
(44.9 -0.5 0.5)
(45 -0.5 0.5)
(45.1 -0.5 0.5)
(45.2 -0.5 0.5)
(45.3 -0.5 0.5)
(45.4 -0.5 0.5)
(45.5 -0.5 0.5)
(45.6 -0.5 0.5)
(45.7 -0.5 0.5)
(45.8 -0.5 0.5)
(45.9 -0.5 0.5)
(46 -0.5 0.5)
(46.1 -0.5 0.5)
(46.2 -0.5 0.5)
(46.3 -0.5 0.5)
(46.4 -0.5 0.5)
(46.5 -0.5 0.5)
(46.6 -0.5 0.5)
(46.7 -0.5 0.5)
(46.8 -0.5 0.5)
(46.9 -0.5 0.5)
(47 -0.5 0.5)
(47.1 -0.5 0.5)
(47.2 -0.5 0.5)
(47.3 -0.5 0.5)
(47.4 -0.5 0.5)
(47.5 -0.5 0.5)
(47.6 -0.5 0.5)
(47.7 -0.5 0.5)
(47.8 -0.5 0.5)
(47.9 -0.5 0.5)
(48 -0.5 0.5)
(48.1 -0.5 0.5)
(48.2 -0.5 0.5)
(48.3 -0.5 0.5)
(48.4 -0.5 0.5)
(48.5 -0.5 0.5)
(48.6 -0.5 0.5)
(48.7 -0.5 0.5)
(48.8 -0.5 0.5)
(48.9 -0.5 0.5)
(49 -0.5 0.5)
(49.1 -0.5 0.5)
(49.2 -0.5 0.5)
(49.3 -0.5 0.5)
(49.4 -0.5 0.5)
(49.5 -0.5 0.5)
(49.6 -0.5 0.5)
(49.7 -0.5 0.5)
(49.8 -0.5 0.5)
(49.9 -0.5 0.5)
(50 -0.5 0.5)
(-50 0.5 0.5)
(-49.9 0.5 0.5)
(-49.8 0.5 0.5)
(-49.7 0.5 0.5)
(-49.6 0.5 0.5)
(-49.5 0.5 0.5)
(-49.4 0.5 0.5)
(-49.3 0.5 0.5)
(-49.2 0.5 0.5)
(-49.1 0.5 0.5)
(-49 0.5 0.5)
(-48.9 0.5 0.5)
(-48.8 0.5 0.5)
(-48.7 0.5 0.5)
(-48.6 0.5 0.5)
(-48.5 0.5 0.5)
(-48.4 0.5 0.5)
(-48.3 0.5 0.5)
(-48.2 0.5 0.5)
(-48.1 0.5 0.5)
(-48 0.5 0.5)
(-47.9 0.5 0.5)
(-47.8 0.5 0.5)
(-47.7 0.5 0.5)
(-47.6 0.5 0.5)
(-47.5 0.5 0.5)
(-47.4 0.5 0.5)
(-47.3 0.5 0.5)
(-47.2 0.5 0.5)
(-47.1 0.5 0.5)
(-47 0.5 0.5)
(-46.9 0.5 0.5)
(-46.8 0.5 0.5)
(-46.7 0.5 0.5)
(-46.6 0.5 0.5)
(-46.5 0.5 0.5)
(-46.4 0.5 0.5)
(-46.3 0.5 0.5)
(-46.2 0.5 0.5)
(-46.1 0.5 0.5)
(-46 0.5 0.5)
(-45.9 0.5 0.5)
(-45.8 0.5 0.5)
(-45.7 0.5 0.5)
(-45.6 0.5 0.5)
(-45.5 0.5 0.5)
(-45.4 0.5 0.5)
(-45.3 0.5 0.5)
(-45.2 0.5 0.5)
(-45.1 0.5 0.5)
(-45 0.5 0.5)
(-44.9 0.5 0.5)
(-44.8 0.5 0.5)
(-44.7 0.5 0.5)
(-44.6 0.5 0.5)
(-44.5 0.5 0.5)
(-44.4 0.5 0.5)
(-44.3 0.5 0.5)
(-44.2 0.5 0.5)
(-44.1 0.5 0.5)
(-44 0.5 0.5)
(-43.9 0.5 0.5)
(-43.8 0.5 0.5)
(-43.7 0.5 0.5)
(-43.6 0.5 0.5)
(-43.5 0.5 0.5)
(-43.4 0.5 0.5)
(-43.3 0.5 0.5)
(-43.2 0.5 0.5)
(-43.1 0.5 0.5)
(-43 0.5 0.5)
(-42.9 0.5 0.5)
(-42.8 0.5 0.5)
(-42.7 0.5 0.5)
(-42.6 0.5 0.5)
(-42.5 0.5 0.5)
(-42.4 0.5 0.5)
(-42.3 0.5 0.5)
(-42.2 0.5 0.5)
(-42.1 0.5 0.5)
(-42 0.5 0.5)
(-41.9 0.5 0.5)
(-41.8 0.5 0.5)
(-41.7 0.5 0.5)
(-41.6 0.5 0.5)
(-41.5 0.5 0.5)
(-41.4 0.5 0.5)
(-41.3 0.5 0.5)
(-41.2 0.5 0.5)
(-41.1 0.5 0.5)
(-41 0.5 0.5)
(-40.9 0.5 0.5)
(-40.8 0.5 0.5)
(-40.7 0.5 0.5)
(-40.6 0.5 0.5)
(-40.5 0.5 0.5)
(-40.4 0.5 0.5)
(-40.3 0.5 0.5)
(-40.2 0.5 0.5)
(-40.1 0.5 0.5)
(-40 0.5 0.5)
(-39.9 0.5 0.5)
(-39.8 0.5 0.5)
(-39.7 0.5 0.5)
(-39.6 0.5 0.5)
(-39.5 0.5 0.5)
(-39.4 0.5 0.5)
(-39.3 0.5 0.5)
(-39.2 0.5 0.5)
(-39.1 0.5 0.5)
(-39 0.5 0.5)
(-38.9 0.5 0.5)
(-38.8 0.5 0.5)
(-38.7 0.5 0.5)
(-38.6 0.5 0.5)
(-38.5 0.5 0.5)
(-38.4 0.5 0.5)
(-38.3 0.5 0.5)
(-38.2 0.5 0.5)
(-38.1 0.5 0.5)
(-38 0.5 0.5)
(-37.9 0.5 0.5)
(-37.8 0.5 0.5)
(-37.7 0.5 0.5)
(-37.6 0.5 0.5)
(-37.5 0.5 0.5)
(-37.4 0.5 0.5)
(-37.3 0.5 0.5)
(-37.2 0.5 0.5)
(-37.1 0.5 0.5)
(-37 0.5 0.5)
(-36.9 0.5 0.5)
(-36.8 0.5 0.5)
(-36.7 0.5 0.5)
(-36.6 0.5 0.5)
(-36.5 0.5 0.5)
(-36.4 0.5 0.5)
(-36.3 0.5 0.5)
(-36.2 0.5 0.5)
(-36.1 0.5 0.5)
(-36 0.5 0.5)
(-35.9 0.5 0.5)
(-35.8 0.5 0.5)
(-35.7 0.5 0.5)
(-35.6 0.5 0.5)
(-35.5 0.5 0.5)
(-35.4 0.5 0.5)
(-35.3 0.5 0.5)
(-35.2 0.5 0.5)
(-35.1 0.5 0.5)
(-35 0.5 0.5)
(-34.9 0.5 0.5)
(-34.8 0.5 0.5)
(-34.7 0.5 0.5)
(-34.6 0.5 0.5)
(-34.5 0.5 0.5)
(-34.4 0.5 0.5)
(-34.3 0.5 0.5)
(-34.2 0.5 0.5)
(-34.1 0.5 0.5)
(-34 0.5 0.5)
(-33.9 0.5 0.5)
(-33.8 0.5 0.5)
(-33.7 0.5 0.5)
(-33.6 0.5 0.5)
(-33.5 0.5 0.5)
(-33.4 0.5 0.5)
(-33.3 0.5 0.5)
(-33.2 0.5 0.5)
(-33.1 0.5 0.5)
(-33 0.5 0.5)
(-32.9 0.5 0.5)
(-32.8 0.5 0.5)
(-32.7 0.5 0.5)
(-32.6 0.5 0.5)
(-32.5 0.5 0.5)
(-32.4 0.5 0.5)
(-32.3 0.5 0.5)
(-32.2 0.5 0.5)
(-32.1 0.5 0.5)
(-32 0.5 0.5)
(-31.9 0.5 0.5)
(-31.8 0.5 0.5)
(-31.7 0.5 0.5)
(-31.6 0.5 0.5)
(-31.5 0.5 0.5)
(-31.4 0.5 0.5)
(-31.3 0.5 0.5)
(-31.2 0.5 0.5)
(-31.1 0.5 0.5)
(-31 0.5 0.5)
(-30.9 0.5 0.5)
(-30.8 0.5 0.5)
(-30.7 0.5 0.5)
(-30.6 0.5 0.5)
(-30.5 0.5 0.5)
(-30.4 0.5 0.5)
(-30.3 0.5 0.5)
(-30.2 0.5 0.5)
(-30.1 0.5 0.5)
(-30 0.5 0.5)
(-29.9 0.5 0.5)
(-29.8 0.5 0.5)
(-29.7 0.5 0.5)
(-29.6 0.5 0.5)
(-29.5 0.5 0.5)
(-29.4 0.5 0.5)
(-29.3 0.5 0.5)
(-29.2 0.5 0.5)
(-29.1 0.5 0.5)
(-29 0.5 0.5)
(-28.9 0.5 0.5)
(-28.8 0.5 0.5)
(-28.7 0.5 0.5)
(-28.6 0.5 0.5)
(-28.5 0.5 0.5)
(-28.4 0.5 0.5)
(-28.3 0.5 0.5)
(-28.2 0.5 0.5)
(-28.1 0.5 0.5)
(-28 0.5 0.5)
(-27.9 0.5 0.5)
(-27.8 0.5 0.5)
(-27.7 0.5 0.5)
(-27.6 0.5 0.5)
(-27.5 0.5 0.5)
(-27.4 0.5 0.5)
(-27.3 0.5 0.5)
(-27.2 0.5 0.5)
(-27.1 0.5 0.5)
(-27 0.5 0.5)
(-26.9 0.5 0.5)
(-26.8 0.5 0.5)
(-26.7 0.5 0.5)
(-26.6 0.5 0.5)
(-26.5 0.5 0.5)
(-26.4 0.5 0.5)
(-26.3 0.5 0.5)
(-26.2 0.5 0.5)
(-26.1 0.5 0.5)
(-26 0.5 0.5)
(-25.9 0.5 0.5)
(-25.8 0.5 0.5)
(-25.7 0.5 0.5)
(-25.6 0.5 0.5)
(-25.5 0.5 0.5)
(-25.4 0.5 0.5)
(-25.3 0.5 0.5)
(-25.2 0.5 0.5)
(-25.1 0.5 0.5)
(-25 0.5 0.5)
(-24.9 0.5 0.5)
(-24.8 0.5 0.5)
(-24.7 0.5 0.5)
(-24.6 0.5 0.5)
(-24.5 0.5 0.5)
(-24.4 0.5 0.5)
(-24.3 0.5 0.5)
(-24.2 0.5 0.5)
(-24.1 0.5 0.5)
(-24 0.5 0.5)
(-23.9 0.5 0.5)
(-23.8 0.5 0.5)
(-23.7 0.5 0.5)
(-23.6 0.5 0.5)
(-23.5 0.5 0.5)
(-23.4 0.5 0.5)
(-23.3 0.5 0.5)
(-23.2 0.5 0.5)
(-23.1 0.5 0.5)
(-23 0.5 0.5)
(-22.9 0.5 0.5)
(-22.8 0.5 0.5)
(-22.7 0.5 0.5)
(-22.6 0.5 0.5)
(-22.5 0.5 0.5)
(-22.4 0.5 0.5)
(-22.3 0.5 0.5)
(-22.2 0.5 0.5)
(-22.1 0.5 0.5)
(-22 0.5 0.5)
(-21.9 0.5 0.5)
(-21.8 0.5 0.5)
(-21.7 0.5 0.5)
(-21.6 0.5 0.5)
(-21.5 0.5 0.5)
(-21.4 0.5 0.5)
(-21.3 0.5 0.5)
(-21.2 0.5 0.5)
(-21.1 0.5 0.5)
(-21 0.5 0.5)
(-20.9 0.5 0.5)
(-20.8 0.5 0.5)
(-20.7 0.5 0.5)
(-20.6 0.5 0.5)
(-20.5 0.5 0.5)
(-20.4 0.5 0.5)
(-20.3 0.5 0.5)
(-20.2 0.5 0.5)
(-20.1 0.5 0.5)
(-20 0.5 0.5)
(-19.9 0.5 0.5)
(-19.8 0.5 0.5)
(-19.7 0.5 0.5)
(-19.6 0.5 0.5)
(-19.5 0.5 0.5)
(-19.4 0.5 0.5)
(-19.3 0.5 0.5)
(-19.2 0.5 0.5)
(-19.1 0.5 0.5)
(-19 0.5 0.5)
(-18.9 0.5 0.5)
(-18.8 0.5 0.5)
(-18.7 0.5 0.5)
(-18.6 0.5 0.5)
(-18.5 0.5 0.5)
(-18.4 0.5 0.5)
(-18.3 0.5 0.5)
(-18.2 0.5 0.5)
(-18.1 0.5 0.5)
(-18 0.5 0.5)
(-17.9 0.5 0.5)
(-17.8 0.5 0.5)
(-17.7 0.5 0.5)
(-17.6 0.5 0.5)
(-17.5 0.5 0.5)
(-17.4 0.5 0.5)
(-17.3 0.5 0.5)
(-17.2 0.5 0.5)
(-17.1 0.5 0.5)
(-17 0.5 0.5)
(-16.9 0.5 0.5)
(-16.8 0.5 0.5)
(-16.7 0.5 0.5)
(-16.6 0.5 0.5)
(-16.5 0.5 0.5)
(-16.4 0.5 0.5)
(-16.3 0.5 0.5)
(-16.2 0.5 0.5)
(-16.1 0.5 0.5)
(-16 0.5 0.5)
(-15.9 0.5 0.5)
(-15.8 0.5 0.5)
(-15.7 0.5 0.5)
(-15.6 0.5 0.5)
(-15.5 0.5 0.5)
(-15.4 0.5 0.5)
(-15.3 0.5 0.5)
(-15.2 0.5 0.5)
(-15.1 0.5 0.5)
(-15 0.5 0.5)
(-14.9 0.5 0.5)
(-14.8 0.5 0.5)
(-14.7 0.5 0.5)
(-14.6 0.5 0.5)
(-14.5 0.5 0.5)
(-14.4 0.5 0.5)
(-14.3 0.5 0.5)
(-14.2 0.5 0.5)
(-14.1 0.5 0.5)
(-14 0.5 0.5)
(-13.9 0.5 0.5)
(-13.8 0.5 0.5)
(-13.7 0.5 0.5)
(-13.6 0.5 0.5)
(-13.5 0.5 0.5)
(-13.4 0.5 0.5)
(-13.3 0.5 0.5)
(-13.2 0.5 0.5)
(-13.1 0.5 0.5)
(-13 0.5 0.5)
(-12.9 0.5 0.5)
(-12.8 0.5 0.5)
(-12.7 0.5 0.5)
(-12.6 0.5 0.5)
(-12.5 0.5 0.5)
(-12.4 0.5 0.5)
(-12.3 0.5 0.5)
(-12.2 0.5 0.5)
(-12.1 0.5 0.5)
(-12 0.5 0.5)
(-11.9 0.5 0.5)
(-11.8 0.5 0.5)
(-11.7 0.5 0.5)
(-11.6 0.5 0.5)
(-11.5 0.5 0.5)
(-11.4 0.5 0.5)
(-11.3 0.5 0.5)
(-11.2 0.5 0.5)
(-11.1 0.5 0.5)
(-11 0.5 0.5)
(-10.9 0.5 0.5)
(-10.8 0.5 0.5)
(-10.7 0.5 0.5)
(-10.6 0.5 0.5)
(-10.5 0.5 0.5)
(-10.4 0.5 0.5)
(-10.3 0.5 0.5)
(-10.2 0.5 0.5)
(-10.1 0.5 0.5)
(-10 0.5 0.5)
(-9.9 0.5 0.5)
(-9.8 0.5 0.5)
(-9.7 0.5 0.5)
(-9.6 0.5 0.5)
(-9.5 0.5 0.5)
(-9.4 0.5 0.5)
(-9.3 0.5 0.5)
(-9.2 0.5 0.5)
(-9.1 0.5 0.5)
(-9 0.5 0.5)
(-8.9 0.5 0.5)
(-8.8 0.5 0.5)
(-8.7 0.5 0.5)
(-8.6 0.5 0.5)
(-8.5 0.5 0.5)
(-8.4 0.5 0.5)
(-8.3 0.5 0.5)
(-8.2 0.5 0.5)
(-8.1 0.5 0.5)
(-8 0.5 0.5)
(-7.9 0.5 0.5)
(-7.8 0.5 0.5)
(-7.7 0.5 0.5)
(-7.6 0.5 0.5)
(-7.5 0.5 0.5)
(-7.4 0.5 0.5)
(-7.3 0.5 0.5)
(-7.2 0.5 0.5)
(-7.1 0.5 0.5)
(-7 0.5 0.5)
(-6.9 0.5 0.5)
(-6.8 0.5 0.5)
(-6.7 0.5 0.5)
(-6.6 0.5 0.5)
(-6.5 0.5 0.5)
(-6.4 0.5 0.5)
(-6.3 0.5 0.5)
(-6.2 0.5 0.5)
(-6.1 0.5 0.5)
(-6 0.5 0.5)
(-5.9 0.5 0.5)
(-5.8 0.5 0.5)
(-5.7 0.5 0.5)
(-5.6 0.5 0.5)
(-5.5 0.5 0.5)
(-5.4 0.5 0.5)
(-5.3 0.5 0.5)
(-5.2 0.5 0.5)
(-5.1 0.5 0.5)
(-5 0.5 0.5)
(-4.9 0.5 0.5)
(-4.8 0.5 0.5)
(-4.7 0.5 0.5)
(-4.6 0.5 0.5)
(-4.5 0.5 0.5)
(-4.4 0.5 0.5)
(-4.3 0.5 0.5)
(-4.2 0.5 0.5)
(-4.1 0.5 0.5)
(-4 0.5 0.5)
(-3.9 0.5 0.5)
(-3.8 0.5 0.5)
(-3.7 0.5 0.5)
(-3.6 0.5 0.5)
(-3.5 0.5 0.5)
(-3.4 0.5 0.5)
(-3.3 0.5 0.5)
(-3.2 0.5 0.5)
(-3.1 0.5 0.5)
(-3 0.5 0.5)
(-2.9 0.5 0.5)
(-2.8 0.5 0.5)
(-2.7 0.5 0.5)
(-2.6 0.5 0.5)
(-2.5 0.5 0.5)
(-2.4 0.5 0.5)
(-2.3 0.5 0.5)
(-2.2 0.5 0.5)
(-2.1 0.5 0.5)
(-2 0.5 0.5)
(-1.9 0.5 0.5)
(-1.8 0.5 0.5)
(-1.7 0.5 0.5)
(-1.6 0.5 0.5)
(-1.5 0.5 0.5)
(-1.4 0.5 0.5)
(-1.3 0.5 0.5)
(-1.2 0.5 0.5)
(-1.1 0.5 0.5)
(-1 0.5 0.5)
(-0.9 0.5 0.5)
(-0.8 0.5 0.5)
(-0.7 0.5 0.5)
(-0.6 0.5 0.5)
(-0.5 0.5 0.5)
(-0.4 0.5 0.5)
(-0.3 0.5 0.5)
(-0.2 0.5 0.5)
(-0.1 0.5 0.5)
(0 0.5 0.5)
(0.1 0.5 0.5)
(0.2 0.5 0.5)
(0.3 0.5 0.5)
(0.4 0.5 0.5)
(0.5 0.5 0.5)
(0.6 0.5 0.5)
(0.7 0.5 0.5)
(0.8 0.5 0.5)
(0.9 0.5 0.5)
(1 0.5 0.5)
(1.1 0.5 0.5)
(1.2 0.5 0.5)
(1.3 0.5 0.5)
(1.4 0.5 0.5)
(1.5 0.5 0.5)
(1.6 0.5 0.5)
(1.7 0.5 0.5)
(1.8 0.5 0.5)
(1.9 0.5 0.5)
(2 0.5 0.5)
(2.1 0.5 0.5)
(2.2 0.5 0.5)
(2.3 0.5 0.5)
(2.4 0.5 0.5)
(2.5 0.5 0.5)
(2.6 0.5 0.5)
(2.7 0.5 0.5)
(2.8 0.5 0.5)
(2.9 0.5 0.5)
(3 0.5 0.5)
(3.1 0.5 0.5)
(3.2 0.5 0.5)
(3.3 0.5 0.5)
(3.4 0.5 0.5)
(3.5 0.5 0.5)
(3.6 0.5 0.5)
(3.7 0.5 0.5)
(3.8 0.5 0.5)
(3.9 0.5 0.5)
(4 0.5 0.5)
(4.1 0.5 0.5)
(4.2 0.5 0.5)
(4.3 0.5 0.5)
(4.4 0.5 0.5)
(4.5 0.5 0.5)
(4.6 0.5 0.5)
(4.7 0.5 0.5)
(4.8 0.5 0.5)
(4.9 0.5 0.5)
(5 0.5 0.5)
(5.1 0.5 0.5)
(5.2 0.5 0.5)
(5.3 0.5 0.5)
(5.4 0.5 0.5)
(5.5 0.5 0.5)
(5.6 0.5 0.5)
(5.7 0.5 0.5)
(5.8 0.5 0.5)
(5.9 0.5 0.5)
(6 0.5 0.5)
(6.1 0.5 0.5)
(6.2 0.5 0.5)
(6.3 0.5 0.5)
(6.4 0.5 0.5)
(6.5 0.5 0.5)
(6.6 0.5 0.5)
(6.7 0.5 0.5)
(6.8 0.5 0.5)
(6.9 0.5 0.5)
(7 0.5 0.5)
(7.1 0.5 0.5)
(7.2 0.5 0.5)
(7.3 0.5 0.5)
(7.4 0.5 0.5)
(7.5 0.5 0.5)
(7.6 0.5 0.5)
(7.7 0.5 0.5)
(7.8 0.5 0.5)
(7.9 0.5 0.5)
(8 0.5 0.5)
(8.1 0.5 0.5)
(8.2 0.5 0.5)
(8.3 0.5 0.5)
(8.4 0.5 0.5)
(8.5 0.5 0.5)
(8.6 0.5 0.5)
(8.7 0.5 0.5)
(8.8 0.5 0.5)
(8.9 0.5 0.5)
(9 0.5 0.5)
(9.1 0.5 0.5)
(9.2 0.5 0.5)
(9.3 0.5 0.5)
(9.4 0.5 0.5)
(9.5 0.5 0.5)
(9.6 0.5 0.5)
(9.7 0.5 0.5)
(9.8 0.5 0.5)
(9.9 0.5 0.5)
(10 0.5 0.5)
(10.1 0.5 0.5)
(10.2 0.5 0.5)
(10.3 0.5 0.5)
(10.4 0.5 0.5)
(10.5 0.5 0.5)
(10.6 0.5 0.5)
(10.7 0.5 0.5)
(10.8 0.5 0.5)
(10.9 0.5 0.5)
(11 0.5 0.5)
(11.1 0.5 0.5)
(11.2 0.5 0.5)
(11.3 0.5 0.5)
(11.4 0.5 0.5)
(11.5 0.5 0.5)
(11.6 0.5 0.5)
(11.7 0.5 0.5)
(11.8 0.5 0.5)
(11.9 0.5 0.5)
(12 0.5 0.5)
(12.1 0.5 0.5)
(12.2 0.5 0.5)
(12.3 0.5 0.5)
(12.4 0.5 0.5)
(12.5 0.5 0.5)
(12.6 0.5 0.5)
(12.7 0.5 0.5)
(12.8 0.5 0.5)
(12.9 0.5 0.5)
(13 0.5 0.5)
(13.1 0.5 0.5)
(13.2 0.5 0.5)
(13.3 0.5 0.5)
(13.4 0.5 0.5)
(13.5 0.5 0.5)
(13.6 0.5 0.5)
(13.7 0.5 0.5)
(13.8 0.5 0.5)
(13.9 0.5 0.5)
(14 0.5 0.5)
(14.1 0.5 0.5)
(14.2 0.5 0.5)
(14.3 0.5 0.5)
(14.4 0.5 0.5)
(14.5 0.5 0.5)
(14.6 0.5 0.5)
(14.7 0.5 0.5)
(14.8 0.5 0.5)
(14.9 0.5 0.5)
(15 0.5 0.5)
(15.1 0.5 0.5)
(15.2 0.5 0.5)
(15.3 0.5 0.5)
(15.4 0.5 0.5)
(15.5 0.5 0.5)
(15.6 0.5 0.5)
(15.7 0.5 0.5)
(15.8 0.5 0.5)
(15.9 0.5 0.5)
(16 0.5 0.5)
(16.1 0.5 0.5)
(16.2 0.5 0.5)
(16.3 0.5 0.5)
(16.4 0.5 0.5)
(16.5 0.5 0.5)
(16.6 0.5 0.5)
(16.7 0.5 0.5)
(16.8 0.5 0.5)
(16.9 0.5 0.5)
(17 0.5 0.5)
(17.1 0.5 0.5)
(17.2 0.5 0.5)
(17.3 0.5 0.5)
(17.4 0.5 0.5)
(17.5 0.5 0.5)
(17.6 0.5 0.5)
(17.7 0.5 0.5)
(17.8 0.5 0.5)
(17.9 0.5 0.5)
(18 0.5 0.5)
(18.1 0.5 0.5)
(18.2 0.5 0.5)
(18.3 0.5 0.5)
(18.4 0.5 0.5)
(18.5 0.5 0.5)
(18.6 0.5 0.5)
(18.7 0.5 0.5)
(18.8 0.5 0.5)
(18.9 0.5 0.5)
(19 0.5 0.5)
(19.1 0.5 0.5)
(19.2 0.5 0.5)
(19.3 0.5 0.5)
(19.4 0.5 0.5)
(19.5 0.5 0.5)
(19.6 0.5 0.5)
(19.7 0.5 0.5)
(19.8 0.5 0.5)
(19.9 0.5 0.5)
(20 0.5 0.5)
(20.1 0.5 0.5)
(20.2 0.5 0.5)
(20.3 0.5 0.5)
(20.4 0.5 0.5)
(20.5 0.5 0.5)
(20.6 0.5 0.5)
(20.7 0.5 0.5)
(20.8 0.5 0.5)
(20.9 0.5 0.5)
(21 0.5 0.5)
(21.1 0.5 0.5)
(21.2 0.5 0.5)
(21.3 0.5 0.5)
(21.4 0.5 0.5)
(21.5 0.5 0.5)
(21.6 0.5 0.5)
(21.7 0.5 0.5)
(21.8 0.5 0.5)
(21.9 0.5 0.5)
(22 0.5 0.5)
(22.1 0.5 0.5)
(22.2 0.5 0.5)
(22.3 0.5 0.5)
(22.4 0.5 0.5)
(22.5 0.5 0.5)
(22.6 0.5 0.5)
(22.7 0.5 0.5)
(22.8 0.5 0.5)
(22.9 0.5 0.5)
(23 0.5 0.5)
(23.1 0.5 0.5)
(23.2 0.5 0.5)
(23.3 0.5 0.5)
(23.4 0.5 0.5)
(23.5 0.5 0.5)
(23.6 0.5 0.5)
(23.7 0.5 0.5)
(23.8 0.5 0.5)
(23.9 0.5 0.5)
(24 0.5 0.5)
(24.1 0.5 0.5)
(24.2 0.5 0.5)
(24.3 0.5 0.5)
(24.4 0.5 0.5)
(24.5 0.5 0.5)
(24.6 0.5 0.5)
(24.7 0.5 0.5)
(24.8 0.5 0.5)
(24.9 0.5 0.5)
(25 0.5 0.5)
(25.1 0.5 0.5)
(25.2 0.5 0.5)
(25.3 0.5 0.5)
(25.4 0.5 0.5)
(25.5 0.5 0.5)
(25.6 0.5 0.5)
(25.7 0.5 0.5)
(25.8 0.5 0.5)
(25.9 0.5 0.5)
(26 0.5 0.5)
(26.1 0.5 0.5)
(26.2 0.5 0.5)
(26.3 0.5 0.5)
(26.4 0.5 0.5)
(26.5 0.5 0.5)
(26.6 0.5 0.5)
(26.7 0.5 0.5)
(26.8 0.5 0.5)
(26.9 0.5 0.5)
(27 0.5 0.5)
(27.1 0.5 0.5)
(27.2 0.5 0.5)
(27.3 0.5 0.5)
(27.4 0.5 0.5)
(27.5 0.5 0.5)
(27.6 0.5 0.5)
(27.7 0.5 0.5)
(27.8 0.5 0.5)
(27.9 0.5 0.5)
(28 0.5 0.5)
(28.1 0.5 0.5)
(28.2 0.5 0.5)
(28.3 0.5 0.5)
(28.4 0.5 0.5)
(28.5 0.5 0.5)
(28.6 0.5 0.5)
(28.7 0.5 0.5)
(28.8 0.5 0.5)
(28.9 0.5 0.5)
(29 0.5 0.5)
(29.1 0.5 0.5)
(29.2 0.5 0.5)
(29.3 0.5 0.5)
(29.4 0.5 0.5)
(29.5 0.5 0.5)
(29.6 0.5 0.5)
(29.7 0.5 0.5)
(29.8 0.5 0.5)
(29.9 0.5 0.5)
(30 0.5 0.5)
(30.1 0.5 0.5)
(30.2 0.5 0.5)
(30.3 0.5 0.5)
(30.4 0.5 0.5)
(30.5 0.5 0.5)
(30.6 0.5 0.5)
(30.7 0.5 0.5)
(30.8 0.5 0.5)
(30.9 0.5 0.5)
(31 0.5 0.5)
(31.1 0.5 0.5)
(31.2 0.5 0.5)
(31.3 0.5 0.5)
(31.4 0.5 0.5)
(31.5 0.5 0.5)
(31.6 0.5 0.5)
(31.7 0.5 0.5)
(31.8 0.5 0.5)
(31.9 0.5 0.5)
(32 0.5 0.5)
(32.1 0.5 0.5)
(32.2 0.5 0.5)
(32.3 0.5 0.5)
(32.4 0.5 0.5)
(32.5 0.5 0.5)
(32.6 0.5 0.5)
(32.7 0.5 0.5)
(32.8 0.5 0.5)
(32.9 0.5 0.5)
(33 0.5 0.5)
(33.1 0.5 0.5)
(33.2 0.5 0.5)
(33.3 0.5 0.5)
(33.4 0.5 0.5)
(33.5 0.5 0.5)
(33.6 0.5 0.5)
(33.7 0.5 0.5)
(33.8 0.5 0.5)
(33.9 0.5 0.5)
(34 0.5 0.5)
(34.1 0.5 0.5)
(34.2 0.5 0.5)
(34.3 0.5 0.5)
(34.4 0.5 0.5)
(34.5 0.5 0.5)
(34.6 0.5 0.5)
(34.7 0.5 0.5)
(34.8 0.5 0.5)
(34.9 0.5 0.5)
(35 0.5 0.5)
(35.1 0.5 0.5)
(35.2 0.5 0.5)
(35.3 0.5 0.5)
(35.4 0.5 0.5)
(35.5 0.5 0.5)
(35.6 0.5 0.5)
(35.7 0.5 0.5)
(35.8 0.5 0.5)
(35.9 0.5 0.5)
(36 0.5 0.5)
(36.1 0.5 0.5)
(36.2 0.5 0.5)
(36.3 0.5 0.5)
(36.4 0.5 0.5)
(36.5 0.5 0.5)
(36.6 0.5 0.5)
(36.7 0.5 0.5)
(36.8 0.5 0.5)
(36.9 0.5 0.5)
(37 0.5 0.5)
(37.1 0.5 0.5)
(37.2 0.5 0.5)
(37.3 0.5 0.5)
(37.4 0.5 0.5)
(37.5 0.5 0.5)
(37.6 0.5 0.5)
(37.7 0.5 0.5)
(37.8 0.5 0.5)
(37.9 0.5 0.5)
(38 0.5 0.5)
(38.1 0.5 0.5)
(38.2 0.5 0.5)
(38.3 0.5 0.5)
(38.4 0.5 0.5)
(38.5 0.5 0.5)
(38.6 0.5 0.5)
(38.7 0.5 0.5)
(38.8 0.5 0.5)
(38.9 0.5 0.5)
(39 0.5 0.5)
(39.1 0.5 0.5)
(39.2 0.5 0.5)
(39.3 0.5 0.5)
(39.4 0.5 0.5)
(39.5 0.5 0.5)
(39.6 0.5 0.5)
(39.7 0.5 0.5)
(39.8 0.5 0.5)
(39.9 0.5 0.5)
(40 0.5 0.5)
(40.1 0.5 0.5)
(40.2 0.5 0.5)
(40.3 0.5 0.5)
(40.4 0.5 0.5)
(40.5 0.5 0.5)
(40.6 0.5 0.5)
(40.7 0.5 0.5)
(40.8 0.5 0.5)
(40.9 0.5 0.5)
(41 0.5 0.5)
(41.1 0.5 0.5)
(41.2 0.5 0.5)
(41.3 0.5 0.5)
(41.4 0.5 0.5)
(41.5 0.5 0.5)
(41.6 0.5 0.5)
(41.7 0.5 0.5)
(41.8 0.5 0.5)
(41.9 0.5 0.5)
(42 0.5 0.5)
(42.1 0.5 0.5)
(42.2 0.5 0.5)
(42.3 0.5 0.5)
(42.4 0.5 0.5)
(42.5 0.5 0.5)
(42.6 0.5 0.5)
(42.7 0.5 0.5)
(42.8 0.5 0.5)
(42.9 0.5 0.5)
(43 0.5 0.5)
(43.1 0.5 0.5)
(43.2 0.5 0.5)
(43.3 0.5 0.5)
(43.4 0.5 0.5)
(43.5 0.5 0.5)
(43.6 0.5 0.5)
(43.7 0.5 0.5)
(43.8 0.5 0.5)
(43.9 0.5 0.5)
(44 0.5 0.5)
(44.1 0.5 0.5)
(44.2 0.5 0.5)
(44.3 0.5 0.5)
(44.4 0.5 0.5)
(44.5 0.5 0.5)
(44.6 0.5 0.5)
(44.7 0.5 0.5)
(44.8 0.5 0.5)
(44.9 0.5 0.5)
(45 0.5 0.5)
(45.1 0.5 0.5)
(45.2 0.5 0.5)
(45.3 0.5 0.5)
(45.4 0.5 0.5)
(45.5 0.5 0.5)
(45.6 0.5 0.5)
(45.7 0.5 0.5)
(45.8 0.5 0.5)
(45.9 0.5 0.5)
(46 0.5 0.5)
(46.1 0.5 0.5)
(46.2 0.5 0.5)
(46.3 0.5 0.5)
(46.4 0.5 0.5)
(46.5 0.5 0.5)
(46.6 0.5 0.5)
(46.7 0.5 0.5)
(46.8 0.5 0.5)
(46.9 0.5 0.5)
(47 0.5 0.5)
(47.1 0.5 0.5)
(47.2 0.5 0.5)
(47.3 0.5 0.5)
(47.4 0.5 0.5)
(47.5 0.5 0.5)
(47.6 0.5 0.5)
(47.7 0.5 0.5)
(47.8 0.5 0.5)
(47.9 0.5 0.5)
(48 0.5 0.5)
(48.1 0.5 0.5)
(48.2 0.5 0.5)
(48.3 0.5 0.5)
(48.4 0.5 0.5)
(48.5 0.5 0.5)
(48.6 0.5 0.5)
(48.7 0.5 0.5)
(48.8 0.5 0.5)
(48.9 0.5 0.5)
(49 0.5 0.5)
(49.1 0.5 0.5)
(49.2 0.5 0.5)
(49.3 0.5 0.5)
(49.4 0.5 0.5)
(49.5 0.5 0.5)
(49.6 0.5 0.5)
(49.7 0.5 0.5)
(49.8 0.5 0.5)
(49.9 0.5 0.5)
(50 0.5 0.5)
(-250 -0.5 -0.5)
(-249 -0.5 -0.5)
(-248 -0.5 -0.5)
(-247 -0.5 -0.5)
(-246 -0.5 -0.5)
(-245 -0.5 -0.5)
(-244 -0.5 -0.5)
(-243 -0.5 -0.5)
(-242 -0.5 -0.5)
(-241 -0.5 -0.5)
(-240 -0.5 -0.5)
(-239 -0.5 -0.5)
(-238 -0.5 -0.5)
(-237 -0.5 -0.5)
(-236 -0.5 -0.5)
(-235 -0.5 -0.5)
(-234 -0.5 -0.5)
(-233 -0.5 -0.5)
(-232 -0.5 -0.5)
(-231 -0.5 -0.5)
(-230 -0.5 -0.5)
(-229 -0.5 -0.5)
(-228 -0.5 -0.5)
(-227 -0.5 -0.5)
(-226 -0.5 -0.5)
(-225 -0.5 -0.5)
(-224 -0.5 -0.5)
(-223 -0.5 -0.5)
(-222 -0.5 -0.5)
(-221 -0.5 -0.5)
(-220 -0.5 -0.5)
(-219 -0.5 -0.5)
(-218 -0.5 -0.5)
(-217 -0.5 -0.5)
(-216 -0.5 -0.5)
(-215 -0.5 -0.5)
(-214 -0.5 -0.5)
(-213 -0.5 -0.5)
(-212 -0.5 -0.5)
(-211 -0.5 -0.5)
(-210 -0.5 -0.5)
(-209 -0.5 -0.5)
(-208 -0.5 -0.5)
(-207 -0.5 -0.5)
(-206 -0.5 -0.5)
(-205 -0.5 -0.5)
(-204 -0.5 -0.5)
(-203 -0.5 -0.5)
(-202 -0.5 -0.5)
(-201 -0.5 -0.5)
(-200 -0.5 -0.5)
(-199 -0.5 -0.5)
(-198 -0.5 -0.5)
(-197 -0.5 -0.5)
(-196 -0.5 -0.5)
(-195 -0.5 -0.5)
(-194 -0.5 -0.5)
(-193 -0.5 -0.5)
(-192 -0.5 -0.5)
(-191 -0.5 -0.5)
(-190 -0.5 -0.5)
(-189 -0.5 -0.5)
(-188 -0.5 -0.5)
(-187 -0.5 -0.5)
(-186 -0.5 -0.5)
(-185 -0.5 -0.5)
(-184 -0.5 -0.5)
(-183 -0.5 -0.5)
(-182 -0.5 -0.5)
(-181 -0.5 -0.5)
(-180 -0.5 -0.5)
(-179 -0.5 -0.5)
(-178 -0.5 -0.5)
(-177 -0.5 -0.5)
(-176 -0.5 -0.5)
(-175 -0.5 -0.5)
(-174 -0.5 -0.5)
(-173 -0.5 -0.5)
(-172 -0.5 -0.5)
(-171 -0.5 -0.5)
(-170 -0.5 -0.5)
(-169 -0.5 -0.5)
(-168 -0.5 -0.5)
(-167 -0.5 -0.5)
(-166 -0.5 -0.5)
(-165 -0.5 -0.5)
(-164 -0.5 -0.5)
(-163 -0.5 -0.5)
(-162 -0.5 -0.5)
(-161 -0.5 -0.5)
(-160 -0.5 -0.5)
(-159 -0.5 -0.5)
(-158 -0.5 -0.5)
(-157 -0.5 -0.5)
(-156 -0.5 -0.5)
(-155 -0.5 -0.5)
(-154 -0.5 -0.5)
(-153 -0.5 -0.5)
(-152 -0.5 -0.5)
(-151 -0.5 -0.5)
(-150 -0.5 -0.5)
(-149 -0.5 -0.5)
(-148 -0.5 -0.5)
(-147 -0.5 -0.5)
(-146 -0.5 -0.5)
(-145 -0.5 -0.5)
(-144 -0.5 -0.5)
(-143 -0.5 -0.5)
(-142 -0.5 -0.5)
(-141 -0.5 -0.5)
(-140 -0.5 -0.5)
(-139 -0.5 -0.5)
(-138 -0.5 -0.5)
(-137 -0.5 -0.5)
(-136 -0.5 -0.5)
(-135 -0.5 -0.5)
(-134 -0.5 -0.5)
(-133 -0.5 -0.5)
(-132 -0.5 -0.5)
(-131 -0.5 -0.5)
(-130 -0.5 -0.5)
(-129 -0.5 -0.5)
(-128 -0.5 -0.5)
(-127 -0.5 -0.5)
(-126 -0.5 -0.5)
(-125 -0.5 -0.5)
(-124 -0.5 -0.5)
(-123 -0.5 -0.5)
(-122 -0.5 -0.5)
(-121 -0.5 -0.5)
(-120 -0.5 -0.5)
(-119 -0.5 -0.5)
(-118 -0.5 -0.5)
(-117 -0.5 -0.5)
(-116 -0.5 -0.5)
(-115 -0.5 -0.5)
(-114 -0.5 -0.5)
(-113 -0.5 -0.5)
(-112 -0.5 -0.5)
(-111 -0.5 -0.5)
(-110 -0.5 -0.5)
(-109 -0.5 -0.5)
(-108 -0.5 -0.5)
(-107 -0.5 -0.5)
(-106 -0.5 -0.5)
(-105 -0.5 -0.5)
(-104 -0.5 -0.5)
(-103 -0.5 -0.5)
(-102 -0.5 -0.5)
(-101 -0.5 -0.5)
(-100 -0.5 -0.5)
(-99 -0.5 -0.5)
(-98 -0.5 -0.5)
(-97 -0.5 -0.5)
(-96 -0.5 -0.5)
(-95 -0.5 -0.5)
(-94 -0.5 -0.5)
(-93 -0.5 -0.5)
(-92 -0.5 -0.5)
(-91 -0.5 -0.5)
(-90 -0.5 -0.5)
(-89 -0.5 -0.5)
(-88 -0.5 -0.5)
(-87 -0.5 -0.5)
(-86 -0.5 -0.5)
(-85 -0.5 -0.5)
(-84 -0.5 -0.5)
(-83 -0.5 -0.5)
(-82 -0.5 -0.5)
(-81 -0.5 -0.5)
(-80 -0.5 -0.5)
(-79 -0.5 -0.5)
(-78 -0.5 -0.5)
(-77 -0.5 -0.5)
(-76 -0.5 -0.5)
(-75 -0.5 -0.5)
(-74 -0.5 -0.5)
(-73 -0.5 -0.5)
(-72 -0.5 -0.5)
(-71 -0.5 -0.5)
(-70 -0.5 -0.5)
(-69 -0.5 -0.5)
(-68 -0.5 -0.5)
(-67 -0.5 -0.5)
(-66 -0.5 -0.5)
(-65 -0.5 -0.5)
(-64 -0.5 -0.5)
(-63 -0.5 -0.5)
(-62 -0.5 -0.5)
(-61 -0.5 -0.5)
(-60 -0.5 -0.5)
(-59 -0.5 -0.5)
(-58 -0.5 -0.5)
(-57 -0.5 -0.5)
(-56 -0.5 -0.5)
(-55 -0.5 -0.5)
(-54 -0.5 -0.5)
(-53 -0.5 -0.5)
(-52 -0.5 -0.5)
(-51 -0.5 -0.5)
(-50 -0.5 -0.5)
(-49 -0.5 -0.5)
(-48 -0.5 -0.5)
(-47 -0.5 -0.5)
(-46 -0.5 -0.5)
(-45 -0.5 -0.5)
(-44 -0.5 -0.5)
(-43 -0.5 -0.5)
(-42 -0.5 -0.5)
(-41 -0.5 -0.5)
(-40 -0.5 -0.5)
(-39 -0.5 -0.5)
(-38 -0.5 -0.5)
(-37 -0.5 -0.5)
(-36 -0.5 -0.5)
(-35 -0.5 -0.5)
(-34 -0.5 -0.5)
(-33 -0.5 -0.5)
(-32 -0.5 -0.5)
(-31 -0.5 -0.5)
(-30 -0.5 -0.5)
(-29 -0.5 -0.5)
(-28 -0.5 -0.5)
(-27 -0.5 -0.5)
(-26 -0.5 -0.5)
(-25 -0.5 -0.5)
(-24 -0.5 -0.5)
(-23 -0.5 -0.5)
(-22 -0.5 -0.5)
(-21 -0.5 -0.5)
(-20 -0.5 -0.5)
(-19 -0.5 -0.5)
(-18 -0.5 -0.5)
(-17 -0.5 -0.5)
(-16 -0.5 -0.5)
(-15 -0.5 -0.5)
(-14 -0.5 -0.5)
(-13 -0.5 -0.5)
(-12 -0.5 -0.5)
(-11 -0.5 -0.5)
(-10 -0.5 -0.5)
(-9 -0.5 -0.5)
(-8 -0.5 -0.5)
(-7 -0.5 -0.5)
(-6 -0.5 -0.5)
(-5 -0.5 -0.5)
(-4 -0.5 -0.5)
(-3 -0.5 -0.5)
(-2 -0.5 -0.5)
(-1 -0.5 -0.5)
(0 -0.5 -0.5)
(1 -0.5 -0.5)
(2 -0.5 -0.5)
(3 -0.5 -0.5)
(4 -0.5 -0.5)
(5 -0.5 -0.5)
(6 -0.5 -0.5)
(7 -0.5 -0.5)
(8 -0.5 -0.5)
(9 -0.5 -0.5)
(10 -0.5 -0.5)
(11 -0.5 -0.5)
(12 -0.5 -0.5)
(13 -0.5 -0.5)
(14 -0.5 -0.5)
(15 -0.5 -0.5)
(16 -0.5 -0.5)
(17 -0.5 -0.5)
(18 -0.5 -0.5)
(19 -0.5 -0.5)
(20 -0.5 -0.5)
(21 -0.5 -0.5)
(22 -0.5 -0.5)
(23 -0.5 -0.5)
(24 -0.5 -0.5)
(25 -0.5 -0.5)
(26 -0.5 -0.5)
(27 -0.5 -0.5)
(28 -0.5 -0.5)
(29 -0.5 -0.5)
(30 -0.5 -0.5)
(31 -0.5 -0.5)
(32 -0.5 -0.5)
(33 -0.5 -0.5)
(34 -0.5 -0.5)
(35 -0.5 -0.5)
(36 -0.5 -0.5)
(37 -0.5 -0.5)
(38 -0.5 -0.5)
(39 -0.5 -0.5)
(40 -0.5 -0.5)
(41 -0.5 -0.5)
(42 -0.5 -0.5)
(43 -0.5 -0.5)
(44 -0.5 -0.5)
(45 -0.5 -0.5)
(46 -0.5 -0.5)
(47 -0.5 -0.5)
(48 -0.5 -0.5)
(49 -0.5 -0.5)
(50 -0.5 -0.5)
(51 -0.5 -0.5)
(52 -0.5 -0.5)
(53 -0.5 -0.5)
(54 -0.5 -0.5)
(55 -0.5 -0.5)
(56 -0.5 -0.5)
(57 -0.5 -0.5)
(58 -0.5 -0.5)
(59 -0.5 -0.5)
(60 -0.5 -0.5)
(61 -0.5 -0.5)
(62 -0.5 -0.5)
(63 -0.5 -0.5)
(64 -0.5 -0.5)
(65 -0.5 -0.5)
(66 -0.5 -0.5)
(67 -0.5 -0.5)
(68 -0.5 -0.5)
(69 -0.5 -0.5)
(70 -0.5 -0.5)
(71 -0.5 -0.5)
(72 -0.5 -0.5)
(73 -0.5 -0.5)
(74 -0.5 -0.5)
(75 -0.5 -0.5)
(76 -0.5 -0.5)
(77 -0.5 -0.5)
(78 -0.5 -0.5)
(79 -0.5 -0.5)
(80 -0.5 -0.5)
(81 -0.5 -0.5)
(82 -0.5 -0.5)
(83 -0.5 -0.5)
(84 -0.5 -0.5)
(85 -0.5 -0.5)
(86 -0.5 -0.5)
(87 -0.5 -0.5)
(88 -0.5 -0.5)
(89 -0.5 -0.5)
(90 -0.5 -0.5)
(91 -0.5 -0.5)
(92 -0.5 -0.5)
(93 -0.5 -0.5)
(94 -0.5 -0.5)
(95 -0.5 -0.5)
(96 -0.5 -0.5)
(97 -0.5 -0.5)
(98 -0.5 -0.5)
(99 -0.5 -0.5)
(100 -0.5 -0.5)
(101 -0.5 -0.5)
(102 -0.5 -0.5)
(103 -0.5 -0.5)
(104 -0.5 -0.5)
(105 -0.5 -0.5)
(106 -0.5 -0.5)
(107 -0.5 -0.5)
(108 -0.5 -0.5)
(109 -0.5 -0.5)
(110 -0.5 -0.5)
(111 -0.5 -0.5)
(112 -0.5 -0.5)
(113 -0.5 -0.5)
(114 -0.5 -0.5)
(115 -0.5 -0.5)
(116 -0.5 -0.5)
(117 -0.5 -0.5)
(118 -0.5 -0.5)
(119 -0.5 -0.5)
(120 -0.5 -0.5)
(121 -0.5 -0.5)
(122 -0.5 -0.5)
(123 -0.5 -0.5)
(124 -0.5 -0.5)
(125 -0.5 -0.5)
(126 -0.5 -0.5)
(127 -0.5 -0.5)
(128 -0.5 -0.5)
(129 -0.5 -0.5)
(130 -0.5 -0.5)
(131 -0.5 -0.5)
(132 -0.5 -0.5)
(133 -0.5 -0.5)
(134 -0.5 -0.5)
(135 -0.5 -0.5)
(136 -0.5 -0.5)
(137 -0.5 -0.5)
(138 -0.5 -0.5)
(139 -0.5 -0.5)
(140 -0.5 -0.5)
(141 -0.5 -0.5)
(142 -0.5 -0.5)
(143 -0.5 -0.5)
(144 -0.5 -0.5)
(145 -0.5 -0.5)
(146 -0.5 -0.5)
(147 -0.5 -0.5)
(148 -0.5 -0.5)
(149 -0.5 -0.5)
(150 -0.5 -0.5)
(151 -0.5 -0.5)
(152 -0.5 -0.5)
(153 -0.5 -0.5)
(154 -0.5 -0.5)
(155 -0.5 -0.5)
(156 -0.5 -0.5)
(157 -0.5 -0.5)
(158 -0.5 -0.5)
(159 -0.5 -0.5)
(160 -0.5 -0.5)
(161 -0.5 -0.5)
(162 -0.5 -0.5)
(163 -0.5 -0.5)
(164 -0.5 -0.5)
(165 -0.5 -0.5)
(166 -0.5 -0.5)
(167 -0.5 -0.5)
(168 -0.5 -0.5)
(169 -0.5 -0.5)
(170 -0.5 -0.5)
(171 -0.5 -0.5)
(172 -0.5 -0.5)
(173 -0.5 -0.5)
(174 -0.5 -0.5)
(175 -0.5 -0.5)
(176 -0.5 -0.5)
(177 -0.5 -0.5)
(178 -0.5 -0.5)
(179 -0.5 -0.5)
(180 -0.5 -0.5)
(181 -0.5 -0.5)
(182 -0.5 -0.5)
(183 -0.5 -0.5)
(184 -0.5 -0.5)
(185 -0.5 -0.5)
(186 -0.5 -0.5)
(187 -0.5 -0.5)
(188 -0.5 -0.5)
(189 -0.5 -0.5)
(190 -0.5 -0.5)
(191 -0.5 -0.5)
(192 -0.5 -0.5)
(193 -0.5 -0.5)
(194 -0.5 -0.5)
(195 -0.5 -0.5)
(196 -0.5 -0.5)
(197 -0.5 -0.5)
(198 -0.5 -0.5)
(199 -0.5 -0.5)
(200 -0.5 -0.5)
(201 -0.5 -0.5)
(202 -0.5 -0.5)
(203 -0.5 -0.5)
(204 -0.5 -0.5)
(205 -0.5 -0.5)
(206 -0.5 -0.5)
(207 -0.5 -0.5)
(208 -0.5 -0.5)
(209 -0.5 -0.5)
(210 -0.5 -0.5)
(211 -0.5 -0.5)
(212 -0.5 -0.5)
(213 -0.5 -0.5)
(214 -0.5 -0.5)
(215 -0.5 -0.5)
(216 -0.5 -0.5)
(217 -0.5 -0.5)
(218 -0.5 -0.5)
(219 -0.5 -0.5)
(220 -0.5 -0.5)
(221 -0.5 -0.5)
(222 -0.5 -0.5)
(223 -0.5 -0.5)
(224 -0.5 -0.5)
(225 -0.5 -0.5)
(226 -0.5 -0.5)
(227 -0.5 -0.5)
(228 -0.5 -0.5)
(229 -0.5 -0.5)
(230 -0.5 -0.5)
(231 -0.5 -0.5)
(232 -0.5 -0.5)
(233 -0.5 -0.5)
(234 -0.5 -0.5)
(235 -0.5 -0.5)
(236 -0.5 -0.5)
(237 -0.5 -0.5)
(238 -0.5 -0.5)
(239 -0.5 -0.5)
(240 -0.5 -0.5)
(241 -0.5 -0.5)
(242 -0.5 -0.5)
(243 -0.5 -0.5)
(244 -0.5 -0.5)
(245 -0.5 -0.5)
(246 -0.5 -0.5)
(247 -0.5 -0.5)
(248 -0.5 -0.5)
(249 -0.5 -0.5)
(250 -0.5 -0.5)
(-250 0.5 -0.5)
(-249 0.5 -0.5)
(-248 0.5 -0.5)
(-247 0.5 -0.5)
(-246 0.5 -0.5)
(-245 0.5 -0.5)
(-244 0.5 -0.5)
(-243 0.5 -0.5)
(-242 0.5 -0.5)
(-241 0.5 -0.5)
(-240 0.5 -0.5)
(-239 0.5 -0.5)
(-238 0.5 -0.5)
(-237 0.5 -0.5)
(-236 0.5 -0.5)
(-235 0.5 -0.5)
(-234 0.5 -0.5)
(-233 0.5 -0.5)
(-232 0.5 -0.5)
(-231 0.5 -0.5)
(-230 0.5 -0.5)
(-229 0.5 -0.5)
(-228 0.5 -0.5)
(-227 0.5 -0.5)
(-226 0.5 -0.5)
(-225 0.5 -0.5)
(-224 0.5 -0.5)
(-223 0.5 -0.5)
(-222 0.5 -0.5)
(-221 0.5 -0.5)
(-220 0.5 -0.5)
(-219 0.5 -0.5)
(-218 0.5 -0.5)
(-217 0.5 -0.5)
(-216 0.5 -0.5)
(-215 0.5 -0.5)
(-214 0.5 -0.5)
(-213 0.5 -0.5)
(-212 0.5 -0.5)
(-211 0.5 -0.5)
(-210 0.5 -0.5)
(-209 0.5 -0.5)
(-208 0.5 -0.5)
(-207 0.5 -0.5)
(-206 0.5 -0.5)
(-205 0.5 -0.5)
(-204 0.5 -0.5)
(-203 0.5 -0.5)
(-202 0.5 -0.5)
(-201 0.5 -0.5)
(-200 0.5 -0.5)
(-199 0.5 -0.5)
(-198 0.5 -0.5)
(-197 0.5 -0.5)
(-196 0.5 -0.5)
(-195 0.5 -0.5)
(-194 0.5 -0.5)
(-193 0.5 -0.5)
(-192 0.5 -0.5)
(-191 0.5 -0.5)
(-190 0.5 -0.5)
(-189 0.5 -0.5)
(-188 0.5 -0.5)
(-187 0.5 -0.5)
(-186 0.5 -0.5)
(-185 0.5 -0.5)
(-184 0.5 -0.5)
(-183 0.5 -0.5)
(-182 0.5 -0.5)
(-181 0.5 -0.5)
(-180 0.5 -0.5)
(-179 0.5 -0.5)
(-178 0.5 -0.5)
(-177 0.5 -0.5)
(-176 0.5 -0.5)
(-175 0.5 -0.5)
(-174 0.5 -0.5)
(-173 0.5 -0.5)
(-172 0.5 -0.5)
(-171 0.5 -0.5)
(-170 0.5 -0.5)
(-169 0.5 -0.5)
(-168 0.5 -0.5)
(-167 0.5 -0.5)
(-166 0.5 -0.5)
(-165 0.5 -0.5)
(-164 0.5 -0.5)
(-163 0.5 -0.5)
(-162 0.5 -0.5)
(-161 0.5 -0.5)
(-160 0.5 -0.5)
(-159 0.5 -0.5)
(-158 0.5 -0.5)
(-157 0.5 -0.5)
(-156 0.5 -0.5)
(-155 0.5 -0.5)
(-154 0.5 -0.5)
(-153 0.5 -0.5)
(-152 0.5 -0.5)
(-151 0.5 -0.5)
(-150 0.5 -0.5)
(-149 0.5 -0.5)
(-148 0.5 -0.5)
(-147 0.5 -0.5)
(-146 0.5 -0.5)
(-145 0.5 -0.5)
(-144 0.5 -0.5)
(-143 0.5 -0.5)
(-142 0.5 -0.5)
(-141 0.5 -0.5)
(-140 0.5 -0.5)
(-139 0.5 -0.5)
(-138 0.5 -0.5)
(-137 0.5 -0.5)
(-136 0.5 -0.5)
(-135 0.5 -0.5)
(-134 0.5 -0.5)
(-133 0.5 -0.5)
(-132 0.5 -0.5)
(-131 0.5 -0.5)
(-130 0.5 -0.5)
(-129 0.5 -0.5)
(-128 0.5 -0.5)
(-127 0.5 -0.5)
(-126 0.5 -0.5)
(-125 0.5 -0.5)
(-124 0.5 -0.5)
(-123 0.5 -0.5)
(-122 0.5 -0.5)
(-121 0.5 -0.5)
(-120 0.5 -0.5)
(-119 0.5 -0.5)
(-118 0.5 -0.5)
(-117 0.5 -0.5)
(-116 0.5 -0.5)
(-115 0.5 -0.5)
(-114 0.5 -0.5)
(-113 0.5 -0.5)
(-112 0.5 -0.5)
(-111 0.5 -0.5)
(-110 0.5 -0.5)
(-109 0.5 -0.5)
(-108 0.5 -0.5)
(-107 0.5 -0.5)
(-106 0.5 -0.5)
(-105 0.5 -0.5)
(-104 0.5 -0.5)
(-103 0.5 -0.5)
(-102 0.5 -0.5)
(-101 0.5 -0.5)
(-100 0.5 -0.5)
(-99 0.5 -0.5)
(-98 0.5 -0.5)
(-97 0.5 -0.5)
(-96 0.5 -0.5)
(-95 0.5 -0.5)
(-94 0.5 -0.5)
(-93 0.5 -0.5)
(-92 0.5 -0.5)
(-91 0.5 -0.5)
(-90 0.5 -0.5)
(-89 0.5 -0.5)
(-88 0.5 -0.5)
(-87 0.5 -0.5)
(-86 0.5 -0.5)
(-85 0.5 -0.5)
(-84 0.5 -0.5)
(-83 0.5 -0.5)
(-82 0.5 -0.5)
(-81 0.5 -0.5)
(-80 0.5 -0.5)
(-79 0.5 -0.5)
(-78 0.5 -0.5)
(-77 0.5 -0.5)
(-76 0.5 -0.5)
(-75 0.5 -0.5)
(-74 0.5 -0.5)
(-73 0.5 -0.5)
(-72 0.5 -0.5)
(-71 0.5 -0.5)
(-70 0.5 -0.5)
(-69 0.5 -0.5)
(-68 0.5 -0.5)
(-67 0.5 -0.5)
(-66 0.5 -0.5)
(-65 0.5 -0.5)
(-64 0.5 -0.5)
(-63 0.5 -0.5)
(-62 0.5 -0.5)
(-61 0.5 -0.5)
(-60 0.5 -0.5)
(-59 0.5 -0.5)
(-58 0.5 -0.5)
(-57 0.5 -0.5)
(-56 0.5 -0.5)
(-55 0.5 -0.5)
(-54 0.5 -0.5)
(-53 0.5 -0.5)
(-52 0.5 -0.5)
(-51 0.5 -0.5)
(-50 0.5 -0.5)
(-49 0.5 -0.5)
(-48 0.5 -0.5)
(-47 0.5 -0.5)
(-46 0.5 -0.5)
(-45 0.5 -0.5)
(-44 0.5 -0.5)
(-43 0.5 -0.5)
(-42 0.5 -0.5)
(-41 0.5 -0.5)
(-40 0.5 -0.5)
(-39 0.5 -0.5)
(-38 0.5 -0.5)
(-37 0.5 -0.5)
(-36 0.5 -0.5)
(-35 0.5 -0.5)
(-34 0.5 -0.5)
(-33 0.5 -0.5)
(-32 0.5 -0.5)
(-31 0.5 -0.5)
(-30 0.5 -0.5)
(-29 0.5 -0.5)
(-28 0.5 -0.5)
(-27 0.5 -0.5)
(-26 0.5 -0.5)
(-25 0.5 -0.5)
(-24 0.5 -0.5)
(-23 0.5 -0.5)
(-22 0.5 -0.5)
(-21 0.5 -0.5)
(-20 0.5 -0.5)
(-19 0.5 -0.5)
(-18 0.5 -0.5)
(-17 0.5 -0.5)
(-16 0.5 -0.5)
(-15 0.5 -0.5)
(-14 0.5 -0.5)
(-13 0.5 -0.5)
(-12 0.5 -0.5)
(-11 0.5 -0.5)
(-10 0.5 -0.5)
(-9 0.5 -0.5)
(-8 0.5 -0.5)
(-7 0.5 -0.5)
(-6 0.5 -0.5)
(-5 0.5 -0.5)
(-4 0.5 -0.5)
(-3 0.5 -0.5)
(-2 0.5 -0.5)
(-1 0.5 -0.5)
(0 0.5 -0.5)
(1 0.5 -0.5)
(2 0.5 -0.5)
(3 0.5 -0.5)
(4 0.5 -0.5)
(5 0.5 -0.5)
(6 0.5 -0.5)
(7 0.5 -0.5)
(8 0.5 -0.5)
(9 0.5 -0.5)
(10 0.5 -0.5)
(11 0.5 -0.5)
(12 0.5 -0.5)
(13 0.5 -0.5)
(14 0.5 -0.5)
(15 0.5 -0.5)
(16 0.5 -0.5)
(17 0.5 -0.5)
(18 0.5 -0.5)
(19 0.5 -0.5)
(20 0.5 -0.5)
(21 0.5 -0.5)
(22 0.5 -0.5)
(23 0.5 -0.5)
(24 0.5 -0.5)
(25 0.5 -0.5)
(26 0.5 -0.5)
(27 0.5 -0.5)
(28 0.5 -0.5)
(29 0.5 -0.5)
(30 0.5 -0.5)
(31 0.5 -0.5)
(32 0.5 -0.5)
(33 0.5 -0.5)
(34 0.5 -0.5)
(35 0.5 -0.5)
(36 0.5 -0.5)
(37 0.5 -0.5)
(38 0.5 -0.5)
(39 0.5 -0.5)
(40 0.5 -0.5)
(41 0.5 -0.5)
(42 0.5 -0.5)
(43 0.5 -0.5)
(44 0.5 -0.5)
(45 0.5 -0.5)
(46 0.5 -0.5)
(47 0.5 -0.5)
(48 0.5 -0.5)
(49 0.5 -0.5)
(50 0.5 -0.5)
(51 0.5 -0.5)
(52 0.5 -0.5)
(53 0.5 -0.5)
(54 0.5 -0.5)
(55 0.5 -0.5)
(56 0.5 -0.5)
(57 0.5 -0.5)
(58 0.5 -0.5)
(59 0.5 -0.5)
(60 0.5 -0.5)
(61 0.5 -0.5)
(62 0.5 -0.5)
(63 0.5 -0.5)
(64 0.5 -0.5)
(65 0.5 -0.5)
(66 0.5 -0.5)
(67 0.5 -0.5)
(68 0.5 -0.5)
(69 0.5 -0.5)
(70 0.5 -0.5)
(71 0.5 -0.5)
(72 0.5 -0.5)
(73 0.5 -0.5)
(74 0.5 -0.5)
(75 0.5 -0.5)
(76 0.5 -0.5)
(77 0.5 -0.5)
(78 0.5 -0.5)
(79 0.5 -0.5)
(80 0.5 -0.5)
(81 0.5 -0.5)
(82 0.5 -0.5)
(83 0.5 -0.5)
(84 0.5 -0.5)
(85 0.5 -0.5)
(86 0.5 -0.5)
(87 0.5 -0.5)
(88 0.5 -0.5)
(89 0.5 -0.5)
(90 0.5 -0.5)
(91 0.5 -0.5)
(92 0.5 -0.5)
(93 0.5 -0.5)
(94 0.5 -0.5)
(95 0.5 -0.5)
(96 0.5 -0.5)
(97 0.5 -0.5)
(98 0.5 -0.5)
(99 0.5 -0.5)
(100 0.5 -0.5)
(101 0.5 -0.5)
(102 0.5 -0.5)
(103 0.5 -0.5)
(104 0.5 -0.5)
(105 0.5 -0.5)
(106 0.5 -0.5)
(107 0.5 -0.5)
(108 0.5 -0.5)
(109 0.5 -0.5)
(110 0.5 -0.5)
(111 0.5 -0.5)
(112 0.5 -0.5)
(113 0.5 -0.5)
(114 0.5 -0.5)
(115 0.5 -0.5)
(116 0.5 -0.5)
(117 0.5 -0.5)
(118 0.5 -0.5)
(119 0.5 -0.5)
(120 0.5 -0.5)
(121 0.5 -0.5)
(122 0.5 -0.5)
(123 0.5 -0.5)
(124 0.5 -0.5)
(125 0.5 -0.5)
(126 0.5 -0.5)
(127 0.5 -0.5)
(128 0.5 -0.5)
(129 0.5 -0.5)
(130 0.5 -0.5)
(131 0.5 -0.5)
(132 0.5 -0.5)
(133 0.5 -0.5)
(134 0.5 -0.5)
(135 0.5 -0.5)
(136 0.5 -0.5)
(137 0.5 -0.5)
(138 0.5 -0.5)
(139 0.5 -0.5)
(140 0.5 -0.5)
(141 0.5 -0.5)
(142 0.5 -0.5)
(143 0.5 -0.5)
(144 0.5 -0.5)
(145 0.5 -0.5)
(146 0.5 -0.5)
(147 0.5 -0.5)
(148 0.5 -0.5)
(149 0.5 -0.5)
(150 0.5 -0.5)
(151 0.5 -0.5)
(152 0.5 -0.5)
(153 0.5 -0.5)
(154 0.5 -0.5)
(155 0.5 -0.5)
(156 0.5 -0.5)
(157 0.5 -0.5)
(158 0.5 -0.5)
(159 0.5 -0.5)
(160 0.5 -0.5)
(161 0.5 -0.5)
(162 0.5 -0.5)
(163 0.5 -0.5)
(164 0.5 -0.5)
(165 0.5 -0.5)
(166 0.5 -0.5)
(167 0.5 -0.5)
(168 0.5 -0.5)
(169 0.5 -0.5)
(170 0.5 -0.5)
(171 0.5 -0.5)
(172 0.5 -0.5)
(173 0.5 -0.5)
(174 0.5 -0.5)
(175 0.5 -0.5)
(176 0.5 -0.5)
(177 0.5 -0.5)
(178 0.5 -0.5)
(179 0.5 -0.5)
(180 0.5 -0.5)
(181 0.5 -0.5)
(182 0.5 -0.5)
(183 0.5 -0.5)
(184 0.5 -0.5)
(185 0.5 -0.5)
(186 0.5 -0.5)
(187 0.5 -0.5)
(188 0.5 -0.5)
(189 0.5 -0.5)
(190 0.5 -0.5)
(191 0.5 -0.5)
(192 0.5 -0.5)
(193 0.5 -0.5)
(194 0.5 -0.5)
(195 0.5 -0.5)
(196 0.5 -0.5)
(197 0.5 -0.5)
(198 0.5 -0.5)
(199 0.5 -0.5)
(200 0.5 -0.5)
(201 0.5 -0.5)
(202 0.5 -0.5)
(203 0.5 -0.5)
(204 0.5 -0.5)
(205 0.5 -0.5)
(206 0.5 -0.5)
(207 0.5 -0.5)
(208 0.5 -0.5)
(209 0.5 -0.5)
(210 0.5 -0.5)
(211 0.5 -0.5)
(212 0.5 -0.5)
(213 0.5 -0.5)
(214 0.5 -0.5)
(215 0.5 -0.5)
(216 0.5 -0.5)
(217 0.5 -0.5)
(218 0.5 -0.5)
(219 0.5 -0.5)
(220 0.5 -0.5)
(221 0.5 -0.5)
(222 0.5 -0.5)
(223 0.5 -0.5)
(224 0.5 -0.5)
(225 0.5 -0.5)
(226 0.5 -0.5)
(227 0.5 -0.5)
(228 0.5 -0.5)
(229 0.5 -0.5)
(230 0.5 -0.5)
(231 0.5 -0.5)
(232 0.5 -0.5)
(233 0.5 -0.5)
(234 0.5 -0.5)
(235 0.5 -0.5)
(236 0.5 -0.5)
(237 0.5 -0.5)
(238 0.5 -0.5)
(239 0.5 -0.5)
(240 0.5 -0.5)
(241 0.5 -0.5)
(242 0.5 -0.5)
(243 0.5 -0.5)
(244 0.5 -0.5)
(245 0.5 -0.5)
(246 0.5 -0.5)
(247 0.5 -0.5)
(248 0.5 -0.5)
(249 0.5 -0.5)
(250 0.5 -0.5)
(-250 -0.5 0.5)
(-249 -0.5 0.5)
(-248 -0.5 0.5)
(-247 -0.5 0.5)
(-246 -0.5 0.5)
(-245 -0.5 0.5)
(-244 -0.5 0.5)
(-243 -0.5 0.5)
(-242 -0.5 0.5)
(-241 -0.5 0.5)
(-240 -0.5 0.5)
(-239 -0.5 0.5)
(-238 -0.5 0.5)
(-237 -0.5 0.5)
(-236 -0.5 0.5)
(-235 -0.5 0.5)
(-234 -0.5 0.5)
(-233 -0.5 0.5)
(-232 -0.5 0.5)
(-231 -0.5 0.5)
(-230 -0.5 0.5)
(-229 -0.5 0.5)
(-228 -0.5 0.5)
(-227 -0.5 0.5)
(-226 -0.5 0.5)
(-225 -0.5 0.5)
(-224 -0.5 0.5)
(-223 -0.5 0.5)
(-222 -0.5 0.5)
(-221 -0.5 0.5)
(-220 -0.5 0.5)
(-219 -0.5 0.5)
(-218 -0.5 0.5)
(-217 -0.5 0.5)
(-216 -0.5 0.5)
(-215 -0.5 0.5)
(-214 -0.5 0.5)
(-213 -0.5 0.5)
(-212 -0.5 0.5)
(-211 -0.5 0.5)
(-210 -0.5 0.5)
(-209 -0.5 0.5)
(-208 -0.5 0.5)
(-207 -0.5 0.5)
(-206 -0.5 0.5)
(-205 -0.5 0.5)
(-204 -0.5 0.5)
(-203 -0.5 0.5)
(-202 -0.5 0.5)
(-201 -0.5 0.5)
(-200 -0.5 0.5)
(-199 -0.5 0.5)
(-198 -0.5 0.5)
(-197 -0.5 0.5)
(-196 -0.5 0.5)
(-195 -0.5 0.5)
(-194 -0.5 0.5)
(-193 -0.5 0.5)
(-192 -0.5 0.5)
(-191 -0.5 0.5)
(-190 -0.5 0.5)
(-189 -0.5 0.5)
(-188 -0.5 0.5)
(-187 -0.5 0.5)
(-186 -0.5 0.5)
(-185 -0.5 0.5)
(-184 -0.5 0.5)
(-183 -0.5 0.5)
(-182 -0.5 0.5)
(-181 -0.5 0.5)
(-180 -0.5 0.5)
(-179 -0.5 0.5)
(-178 -0.5 0.5)
(-177 -0.5 0.5)
(-176 -0.5 0.5)
(-175 -0.5 0.5)
(-174 -0.5 0.5)
(-173 -0.5 0.5)
(-172 -0.5 0.5)
(-171 -0.5 0.5)
(-170 -0.5 0.5)
(-169 -0.5 0.5)
(-168 -0.5 0.5)
(-167 -0.5 0.5)
(-166 -0.5 0.5)
(-165 -0.5 0.5)
(-164 -0.5 0.5)
(-163 -0.5 0.5)
(-162 -0.5 0.5)
(-161 -0.5 0.5)
(-160 -0.5 0.5)
(-159 -0.5 0.5)
(-158 -0.5 0.5)
(-157 -0.5 0.5)
(-156 -0.5 0.5)
(-155 -0.5 0.5)
(-154 -0.5 0.5)
(-153 -0.5 0.5)
(-152 -0.5 0.5)
(-151 -0.5 0.5)
(-150 -0.5 0.5)
(-149 -0.5 0.5)
(-148 -0.5 0.5)
(-147 -0.5 0.5)
(-146 -0.5 0.5)
(-145 -0.5 0.5)
(-144 -0.5 0.5)
(-143 -0.5 0.5)
(-142 -0.5 0.5)
(-141 -0.5 0.5)
(-140 -0.5 0.5)
(-139 -0.5 0.5)
(-138 -0.5 0.5)
(-137 -0.5 0.5)
(-136 -0.5 0.5)
(-135 -0.5 0.5)
(-134 -0.5 0.5)
(-133 -0.5 0.5)
(-132 -0.5 0.5)
(-131 -0.5 0.5)
(-130 -0.5 0.5)
(-129 -0.5 0.5)
(-128 -0.5 0.5)
(-127 -0.5 0.5)
(-126 -0.5 0.5)
(-125 -0.5 0.5)
(-124 -0.5 0.5)
(-123 -0.5 0.5)
(-122 -0.5 0.5)
(-121 -0.5 0.5)
(-120 -0.5 0.5)
(-119 -0.5 0.5)
(-118 -0.5 0.5)
(-117 -0.5 0.5)
(-116 -0.5 0.5)
(-115 -0.5 0.5)
(-114 -0.5 0.5)
(-113 -0.5 0.5)
(-112 -0.5 0.5)
(-111 -0.5 0.5)
(-110 -0.5 0.5)
(-109 -0.5 0.5)
(-108 -0.5 0.5)
(-107 -0.5 0.5)
(-106 -0.5 0.5)
(-105 -0.5 0.5)
(-104 -0.5 0.5)
(-103 -0.5 0.5)
(-102 -0.5 0.5)
(-101 -0.5 0.5)
(-100 -0.5 0.5)
(-99 -0.5 0.5)
(-98 -0.5 0.5)
(-97 -0.5 0.5)
(-96 -0.5 0.5)
(-95 -0.5 0.5)
(-94 -0.5 0.5)
(-93 -0.5 0.5)
(-92 -0.5 0.5)
(-91 -0.5 0.5)
(-90 -0.5 0.5)
(-89 -0.5 0.5)
(-88 -0.5 0.5)
(-87 -0.5 0.5)
(-86 -0.5 0.5)
(-85 -0.5 0.5)
(-84 -0.5 0.5)
(-83 -0.5 0.5)
(-82 -0.5 0.5)
(-81 -0.5 0.5)
(-80 -0.5 0.5)
(-79 -0.5 0.5)
(-78 -0.5 0.5)
(-77 -0.5 0.5)
(-76 -0.5 0.5)
(-75 -0.5 0.5)
(-74 -0.5 0.5)
(-73 -0.5 0.5)
(-72 -0.5 0.5)
(-71 -0.5 0.5)
(-70 -0.5 0.5)
(-69 -0.5 0.5)
(-68 -0.5 0.5)
(-67 -0.5 0.5)
(-66 -0.5 0.5)
(-65 -0.5 0.5)
(-64 -0.5 0.5)
(-63 -0.5 0.5)
(-62 -0.5 0.5)
(-61 -0.5 0.5)
(-60 -0.5 0.5)
(-59 -0.5 0.5)
(-58 -0.5 0.5)
(-57 -0.5 0.5)
(-56 -0.5 0.5)
(-55 -0.5 0.5)
(-54 -0.5 0.5)
(-53 -0.5 0.5)
(-52 -0.5 0.5)
(-51 -0.5 0.5)
(-50 -0.5 0.5)
(-49 -0.5 0.5)
(-48 -0.5 0.5)
(-47 -0.5 0.5)
(-46 -0.5 0.5)
(-45 -0.5 0.5)
(-44 -0.5 0.5)
(-43 -0.5 0.5)
(-42 -0.5 0.5)
(-41 -0.5 0.5)
(-40 -0.5 0.5)
(-39 -0.5 0.5)
(-38 -0.5 0.5)
(-37 -0.5 0.5)
(-36 -0.5 0.5)
(-35 -0.5 0.5)
(-34 -0.5 0.5)
(-33 -0.5 0.5)
(-32 -0.5 0.5)
(-31 -0.5 0.5)
(-30 -0.5 0.5)
(-29 -0.5 0.5)
(-28 -0.5 0.5)
(-27 -0.5 0.5)
(-26 -0.5 0.5)
(-25 -0.5 0.5)
(-24 -0.5 0.5)
(-23 -0.5 0.5)
(-22 -0.5 0.5)
(-21 -0.5 0.5)
(-20 -0.5 0.5)
(-19 -0.5 0.5)
(-18 -0.5 0.5)
(-17 -0.5 0.5)
(-16 -0.5 0.5)
(-15 -0.5 0.5)
(-14 -0.5 0.5)
(-13 -0.5 0.5)
(-12 -0.5 0.5)
(-11 -0.5 0.5)
(-10 -0.5 0.5)
(-9 -0.5 0.5)
(-8 -0.5 0.5)
(-7 -0.5 0.5)
(-6 -0.5 0.5)
(-5 -0.5 0.5)
(-4 -0.5 0.5)
(-3 -0.5 0.5)
(-2 -0.5 0.5)
(-1 -0.5 0.5)
(0 -0.5 0.5)
(1 -0.5 0.5)
(2 -0.5 0.5)
(3 -0.5 0.5)
(4 -0.5 0.5)
(5 -0.5 0.5)
(6 -0.5 0.5)
(7 -0.5 0.5)
(8 -0.5 0.5)
(9 -0.5 0.5)
(10 -0.5 0.5)
(11 -0.5 0.5)
(12 -0.5 0.5)
(13 -0.5 0.5)
(14 -0.5 0.5)
(15 -0.5 0.5)
(16 -0.5 0.5)
(17 -0.5 0.5)
(18 -0.5 0.5)
(19 -0.5 0.5)
(20 -0.5 0.5)
(21 -0.5 0.5)
(22 -0.5 0.5)
(23 -0.5 0.5)
(24 -0.5 0.5)
(25 -0.5 0.5)
(26 -0.5 0.5)
(27 -0.5 0.5)
(28 -0.5 0.5)
(29 -0.5 0.5)
(30 -0.5 0.5)
(31 -0.5 0.5)
(32 -0.5 0.5)
(33 -0.5 0.5)
(34 -0.5 0.5)
(35 -0.5 0.5)
(36 -0.5 0.5)
(37 -0.5 0.5)
(38 -0.5 0.5)
(39 -0.5 0.5)
(40 -0.5 0.5)
(41 -0.5 0.5)
(42 -0.5 0.5)
(43 -0.5 0.5)
(44 -0.5 0.5)
(45 -0.5 0.5)
(46 -0.5 0.5)
(47 -0.5 0.5)
(48 -0.5 0.5)
(49 -0.5 0.5)
(50 -0.5 0.5)
(51 -0.5 0.5)
(52 -0.5 0.5)
(53 -0.5 0.5)
(54 -0.5 0.5)
(55 -0.5 0.5)
(56 -0.5 0.5)
(57 -0.5 0.5)
(58 -0.5 0.5)
(59 -0.5 0.5)
(60 -0.5 0.5)
(61 -0.5 0.5)
(62 -0.5 0.5)
(63 -0.5 0.5)
(64 -0.5 0.5)
(65 -0.5 0.5)
(66 -0.5 0.5)
(67 -0.5 0.5)
(68 -0.5 0.5)
(69 -0.5 0.5)
(70 -0.5 0.5)
(71 -0.5 0.5)
(72 -0.5 0.5)
(73 -0.5 0.5)
(74 -0.5 0.5)
(75 -0.5 0.5)
(76 -0.5 0.5)
(77 -0.5 0.5)
(78 -0.5 0.5)
(79 -0.5 0.5)
(80 -0.5 0.5)
(81 -0.5 0.5)
(82 -0.5 0.5)
(83 -0.5 0.5)
(84 -0.5 0.5)
(85 -0.5 0.5)
(86 -0.5 0.5)
(87 -0.5 0.5)
(88 -0.5 0.5)
(89 -0.5 0.5)
(90 -0.5 0.5)
(91 -0.5 0.5)
(92 -0.5 0.5)
(93 -0.5 0.5)
(94 -0.5 0.5)
(95 -0.5 0.5)
(96 -0.5 0.5)
(97 -0.5 0.5)
(98 -0.5 0.5)
(99 -0.5 0.5)
(100 -0.5 0.5)
(101 -0.5 0.5)
(102 -0.5 0.5)
(103 -0.5 0.5)
(104 -0.5 0.5)
(105 -0.5 0.5)
(106 -0.5 0.5)
(107 -0.5 0.5)
(108 -0.5 0.5)
(109 -0.5 0.5)
(110 -0.5 0.5)
(111 -0.5 0.5)
(112 -0.5 0.5)
(113 -0.5 0.5)
(114 -0.5 0.5)
(115 -0.5 0.5)
(116 -0.5 0.5)
(117 -0.5 0.5)
(118 -0.5 0.5)
(119 -0.5 0.5)
(120 -0.5 0.5)
(121 -0.5 0.5)
(122 -0.5 0.5)
(123 -0.5 0.5)
(124 -0.5 0.5)
(125 -0.5 0.5)
(126 -0.5 0.5)
(127 -0.5 0.5)
(128 -0.5 0.5)
(129 -0.5 0.5)
(130 -0.5 0.5)
(131 -0.5 0.5)
(132 -0.5 0.5)
(133 -0.5 0.5)
(134 -0.5 0.5)
(135 -0.5 0.5)
(136 -0.5 0.5)
(137 -0.5 0.5)
(138 -0.5 0.5)
(139 -0.5 0.5)
(140 -0.5 0.5)
(141 -0.5 0.5)
(142 -0.5 0.5)
(143 -0.5 0.5)
(144 -0.5 0.5)
(145 -0.5 0.5)
(146 -0.5 0.5)
(147 -0.5 0.5)
(148 -0.5 0.5)
(149 -0.5 0.5)
(150 -0.5 0.5)
(151 -0.5 0.5)
(152 -0.5 0.5)
(153 -0.5 0.5)
(154 -0.5 0.5)
(155 -0.5 0.5)
(156 -0.5 0.5)
(157 -0.5 0.5)
(158 -0.5 0.5)
(159 -0.5 0.5)
(160 -0.5 0.5)
(161 -0.5 0.5)
(162 -0.5 0.5)
(163 -0.5 0.5)
(164 -0.5 0.5)
(165 -0.5 0.5)
(166 -0.5 0.5)
(167 -0.5 0.5)
(168 -0.5 0.5)
(169 -0.5 0.5)
(170 -0.5 0.5)
(171 -0.5 0.5)
(172 -0.5 0.5)
(173 -0.5 0.5)
(174 -0.5 0.5)
(175 -0.5 0.5)
(176 -0.5 0.5)
(177 -0.5 0.5)
(178 -0.5 0.5)
(179 -0.5 0.5)
(180 -0.5 0.5)
(181 -0.5 0.5)
(182 -0.5 0.5)
(183 -0.5 0.5)
(184 -0.5 0.5)
(185 -0.5 0.5)
(186 -0.5 0.5)
(187 -0.5 0.5)
(188 -0.5 0.5)
(189 -0.5 0.5)
(190 -0.5 0.5)
(191 -0.5 0.5)
(192 -0.5 0.5)
(193 -0.5 0.5)
(194 -0.5 0.5)
(195 -0.5 0.5)
(196 -0.5 0.5)
(197 -0.5 0.5)
(198 -0.5 0.5)
(199 -0.5 0.5)
(200 -0.5 0.5)
(201 -0.5 0.5)
(202 -0.5 0.5)
(203 -0.5 0.5)
(204 -0.5 0.5)
(205 -0.5 0.5)
(206 -0.5 0.5)
(207 -0.5 0.5)
(208 -0.5 0.5)
(209 -0.5 0.5)
(210 -0.5 0.5)
(211 -0.5 0.5)
(212 -0.5 0.5)
(213 -0.5 0.5)
(214 -0.5 0.5)
(215 -0.5 0.5)
(216 -0.5 0.5)
(217 -0.5 0.5)
(218 -0.5 0.5)
(219 -0.5 0.5)
(220 -0.5 0.5)
(221 -0.5 0.5)
(222 -0.5 0.5)
(223 -0.5 0.5)
(224 -0.5 0.5)
(225 -0.5 0.5)
(226 -0.5 0.5)
(227 -0.5 0.5)
(228 -0.5 0.5)
(229 -0.5 0.5)
(230 -0.5 0.5)
(231 -0.5 0.5)
(232 -0.5 0.5)
(233 -0.5 0.5)
(234 -0.5 0.5)
(235 -0.5 0.5)
(236 -0.5 0.5)
(237 -0.5 0.5)
(238 -0.5 0.5)
(239 -0.5 0.5)
(240 -0.5 0.5)
(241 -0.5 0.5)
(242 -0.5 0.5)
(243 -0.5 0.5)
(244 -0.5 0.5)
(245 -0.5 0.5)
(246 -0.5 0.5)
(247 -0.5 0.5)
(248 -0.5 0.5)
(249 -0.5 0.5)
(250 -0.5 0.5)
(-250 0.5 0.5)
(-249 0.5 0.5)
(-248 0.5 0.5)
(-247 0.5 0.5)
(-246 0.5 0.5)
(-245 0.5 0.5)
(-244 0.5 0.5)
(-243 0.5 0.5)
(-242 0.5 0.5)
(-241 0.5 0.5)
(-240 0.5 0.5)
(-239 0.5 0.5)
(-238 0.5 0.5)
(-237 0.5 0.5)
(-236 0.5 0.5)
(-235 0.5 0.5)
(-234 0.5 0.5)
(-233 0.5 0.5)
(-232 0.5 0.5)
(-231 0.5 0.5)
(-230 0.5 0.5)
(-229 0.5 0.5)
(-228 0.5 0.5)
(-227 0.5 0.5)
(-226 0.5 0.5)
(-225 0.5 0.5)
(-224 0.5 0.5)
(-223 0.5 0.5)
(-222 0.5 0.5)
(-221 0.5 0.5)
(-220 0.5 0.5)
(-219 0.5 0.5)
(-218 0.5 0.5)
(-217 0.5 0.5)
(-216 0.5 0.5)
(-215 0.5 0.5)
(-214 0.5 0.5)
(-213 0.5 0.5)
(-212 0.5 0.5)
(-211 0.5 0.5)
(-210 0.5 0.5)
(-209 0.5 0.5)
(-208 0.5 0.5)
(-207 0.5 0.5)
(-206 0.5 0.5)
(-205 0.5 0.5)
(-204 0.5 0.5)
(-203 0.5 0.5)
(-202 0.5 0.5)
(-201 0.5 0.5)
(-200 0.5 0.5)
(-199 0.5 0.5)
(-198 0.5 0.5)
(-197 0.5 0.5)
(-196 0.5 0.5)
(-195 0.5 0.5)
(-194 0.5 0.5)
(-193 0.5 0.5)
(-192 0.5 0.5)
(-191 0.5 0.5)
(-190 0.5 0.5)
(-189 0.5 0.5)
(-188 0.5 0.5)
(-187 0.5 0.5)
(-186 0.5 0.5)
(-185 0.5 0.5)
(-184 0.5 0.5)
(-183 0.5 0.5)
(-182 0.5 0.5)
(-181 0.5 0.5)
(-180 0.5 0.5)
(-179 0.5 0.5)
(-178 0.5 0.5)
(-177 0.5 0.5)
(-176 0.5 0.5)
(-175 0.5 0.5)
(-174 0.5 0.5)
(-173 0.5 0.5)
(-172 0.5 0.5)
(-171 0.5 0.5)
(-170 0.5 0.5)
(-169 0.5 0.5)
(-168 0.5 0.5)
(-167 0.5 0.5)
(-166 0.5 0.5)
(-165 0.5 0.5)
(-164 0.5 0.5)
(-163 0.5 0.5)
(-162 0.5 0.5)
(-161 0.5 0.5)
(-160 0.5 0.5)
(-159 0.5 0.5)
(-158 0.5 0.5)
(-157 0.5 0.5)
(-156 0.5 0.5)
(-155 0.5 0.5)
(-154 0.5 0.5)
(-153 0.5 0.5)
(-152 0.5 0.5)
(-151 0.5 0.5)
(-150 0.5 0.5)
(-149 0.5 0.5)
(-148 0.5 0.5)
(-147 0.5 0.5)
(-146 0.5 0.5)
(-145 0.5 0.5)
(-144 0.5 0.5)
(-143 0.5 0.5)
(-142 0.5 0.5)
(-141 0.5 0.5)
(-140 0.5 0.5)
(-139 0.5 0.5)
(-138 0.5 0.5)
(-137 0.5 0.5)
(-136 0.5 0.5)
(-135 0.5 0.5)
(-134 0.5 0.5)
(-133 0.5 0.5)
(-132 0.5 0.5)
(-131 0.5 0.5)
(-130 0.5 0.5)
(-129 0.5 0.5)
(-128 0.5 0.5)
(-127 0.5 0.5)
(-126 0.5 0.5)
(-125 0.5 0.5)
(-124 0.5 0.5)
(-123 0.5 0.5)
(-122 0.5 0.5)
(-121 0.5 0.5)
(-120 0.5 0.5)
(-119 0.5 0.5)
(-118 0.5 0.5)
(-117 0.5 0.5)
(-116 0.5 0.5)
(-115 0.5 0.5)
(-114 0.5 0.5)
(-113 0.5 0.5)
(-112 0.5 0.5)
(-111 0.5 0.5)
(-110 0.5 0.5)
(-109 0.5 0.5)
(-108 0.5 0.5)
(-107 0.5 0.5)
(-106 0.5 0.5)
(-105 0.5 0.5)
(-104 0.5 0.5)
(-103 0.5 0.5)
(-102 0.5 0.5)
(-101 0.5 0.5)
(-100 0.5 0.5)
(-99 0.5 0.5)
(-98 0.5 0.5)
(-97 0.5 0.5)
(-96 0.5 0.5)
(-95 0.5 0.5)
(-94 0.5 0.5)
(-93 0.5 0.5)
(-92 0.5 0.5)
(-91 0.5 0.5)
(-90 0.5 0.5)
(-89 0.5 0.5)
(-88 0.5 0.5)
(-87 0.5 0.5)
(-86 0.5 0.5)
(-85 0.5 0.5)
(-84 0.5 0.5)
(-83 0.5 0.5)
(-82 0.5 0.5)
(-81 0.5 0.5)
(-80 0.5 0.5)
(-79 0.5 0.5)
(-78 0.5 0.5)
(-77 0.5 0.5)
(-76 0.5 0.5)
(-75 0.5 0.5)
(-74 0.5 0.5)
(-73 0.5 0.5)
(-72 0.5 0.5)
(-71 0.5 0.5)
(-70 0.5 0.5)
(-69 0.5 0.5)
(-68 0.5 0.5)
(-67 0.5 0.5)
(-66 0.5 0.5)
(-65 0.5 0.5)
(-64 0.5 0.5)
(-63 0.5 0.5)
(-62 0.5 0.5)
(-61 0.5 0.5)
(-60 0.5 0.5)
(-59 0.5 0.5)
(-58 0.5 0.5)
(-57 0.5 0.5)
(-56 0.5 0.5)
(-55 0.5 0.5)
(-54 0.5 0.5)
(-53 0.5 0.5)
(-52 0.5 0.5)
(-51 0.5 0.5)
(-50 0.5 0.5)
(-49 0.5 0.5)
(-48 0.5 0.5)
(-47 0.5 0.5)
(-46 0.5 0.5)
(-45 0.5 0.5)
(-44 0.5 0.5)
(-43 0.5 0.5)
(-42 0.5 0.5)
(-41 0.5 0.5)
(-40 0.5 0.5)
(-39 0.5 0.5)
(-38 0.5 0.5)
(-37 0.5 0.5)
(-36 0.5 0.5)
(-35 0.5 0.5)
(-34 0.5 0.5)
(-33 0.5 0.5)
(-32 0.5 0.5)
(-31 0.5 0.5)
(-30 0.5 0.5)
(-29 0.5 0.5)
(-28 0.5 0.5)
(-27 0.5 0.5)
(-26 0.5 0.5)
(-25 0.5 0.5)
(-24 0.5 0.5)
(-23 0.5 0.5)
(-22 0.5 0.5)
(-21 0.5 0.5)
(-20 0.5 0.5)
(-19 0.5 0.5)
(-18 0.5 0.5)
(-17 0.5 0.5)
(-16 0.5 0.5)
(-15 0.5 0.5)
(-14 0.5 0.5)
(-13 0.5 0.5)
(-12 0.5 0.5)
(-11 0.5 0.5)
(-10 0.5 0.5)
(-9 0.5 0.5)
(-8 0.5 0.5)
(-7 0.5 0.5)
(-6 0.5 0.5)
(-5 0.5 0.5)
(-4 0.5 0.5)
(-3 0.5 0.5)
(-2 0.5 0.5)
(-1 0.5 0.5)
(0 0.5 0.5)
(1 0.5 0.5)
(2 0.5 0.5)
(3 0.5 0.5)
(4 0.5 0.5)
(5 0.5 0.5)
(6 0.5 0.5)
(7 0.5 0.5)
(8 0.5 0.5)
(9 0.5 0.5)
(10 0.5 0.5)
(11 0.5 0.5)
(12 0.5 0.5)
(13 0.5 0.5)
(14 0.5 0.5)
(15 0.5 0.5)
(16 0.5 0.5)
(17 0.5 0.5)
(18 0.5 0.5)
(19 0.5 0.5)
(20 0.5 0.5)
(21 0.5 0.5)
(22 0.5 0.5)
(23 0.5 0.5)
(24 0.5 0.5)
(25 0.5 0.5)
(26 0.5 0.5)
(27 0.5 0.5)
(28 0.5 0.5)
(29 0.5 0.5)
(30 0.5 0.5)
(31 0.5 0.5)
(32 0.5 0.5)
(33 0.5 0.5)
(34 0.5 0.5)
(35 0.5 0.5)
(36 0.5 0.5)
(37 0.5 0.5)
(38 0.5 0.5)
(39 0.5 0.5)
(40 0.5 0.5)
(41 0.5 0.5)
(42 0.5 0.5)
(43 0.5 0.5)
(44 0.5 0.5)
(45 0.5 0.5)
(46 0.5 0.5)
(47 0.5 0.5)
(48 0.5 0.5)
(49 0.5 0.5)
(50 0.5 0.5)
(51 0.5 0.5)
(52 0.5 0.5)
(53 0.5 0.5)
(54 0.5 0.5)
(55 0.5 0.5)
(56 0.5 0.5)
(57 0.5 0.5)
(58 0.5 0.5)
(59 0.5 0.5)
(60 0.5 0.5)
(61 0.5 0.5)
(62 0.5 0.5)
(63 0.5 0.5)
(64 0.5 0.5)
(65 0.5 0.5)
(66 0.5 0.5)
(67 0.5 0.5)
(68 0.5 0.5)
(69 0.5 0.5)
(70 0.5 0.5)
(71 0.5 0.5)
(72 0.5 0.5)
(73 0.5 0.5)
(74 0.5 0.5)
(75 0.5 0.5)
(76 0.5 0.5)
(77 0.5 0.5)
(78 0.5 0.5)
(79 0.5 0.5)
(80 0.5 0.5)
(81 0.5 0.5)
(82 0.5 0.5)
(83 0.5 0.5)
(84 0.5 0.5)
(85 0.5 0.5)
(86 0.5 0.5)
(87 0.5 0.5)
(88 0.5 0.5)
(89 0.5 0.5)
(90 0.5 0.5)
(91 0.5 0.5)
(92 0.5 0.5)
(93 0.5 0.5)
(94 0.5 0.5)
(95 0.5 0.5)
(96 0.5 0.5)
(97 0.5 0.5)
(98 0.5 0.5)
(99 0.5 0.5)
(100 0.5 0.5)
(101 0.5 0.5)
(102 0.5 0.5)
(103 0.5 0.5)
(104 0.5 0.5)
(105 0.5 0.5)
(106 0.5 0.5)
(107 0.5 0.5)
(108 0.5 0.5)
(109 0.5 0.5)
(110 0.5 0.5)
(111 0.5 0.5)
(112 0.5 0.5)
(113 0.5 0.5)
(114 0.5 0.5)
(115 0.5 0.5)
(116 0.5 0.5)
(117 0.5 0.5)
(118 0.5 0.5)
(119 0.5 0.5)
(120 0.5 0.5)
(121 0.5 0.5)
(122 0.5 0.5)
(123 0.5 0.5)
(124 0.5 0.5)
(125 0.5 0.5)
(126 0.5 0.5)
(127 0.5 0.5)
(128 0.5 0.5)
(129 0.5 0.5)
(130 0.5 0.5)
(131 0.5 0.5)
(132 0.5 0.5)
(133 0.5 0.5)
(134 0.5 0.5)
(135 0.5 0.5)
(136 0.5 0.5)
(137 0.5 0.5)
(138 0.5 0.5)
(139 0.5 0.5)
(140 0.5 0.5)
(141 0.5 0.5)
(142 0.5 0.5)
(143 0.5 0.5)
(144 0.5 0.5)
(145 0.5 0.5)
(146 0.5 0.5)
(147 0.5 0.5)
(148 0.5 0.5)
(149 0.5 0.5)
(150 0.5 0.5)
(151 0.5 0.5)
(152 0.5 0.5)
(153 0.5 0.5)
(154 0.5 0.5)
(155 0.5 0.5)
(156 0.5 0.5)
(157 0.5 0.5)
(158 0.5 0.5)
(159 0.5 0.5)
(160 0.5 0.5)
(161 0.5 0.5)
(162 0.5 0.5)
(163 0.5 0.5)
(164 0.5 0.5)
(165 0.5 0.5)
(166 0.5 0.5)
(167 0.5 0.5)
(168 0.5 0.5)
(169 0.5 0.5)
(170 0.5 0.5)
(171 0.5 0.5)
(172 0.5 0.5)
(173 0.5 0.5)
(174 0.5 0.5)
(175 0.5 0.5)
(176 0.5 0.5)
(177 0.5 0.5)
(178 0.5 0.5)
(179 0.5 0.5)
(180 0.5 0.5)
(181 0.5 0.5)
(182 0.5 0.5)
(183 0.5 0.5)
(184 0.5 0.5)
(185 0.5 0.5)
(186 0.5 0.5)
(187 0.5 0.5)
(188 0.5 0.5)
(189 0.5 0.5)
(190 0.5 0.5)
(191 0.5 0.5)
(192 0.5 0.5)
(193 0.5 0.5)
(194 0.5 0.5)
(195 0.5 0.5)
(196 0.5 0.5)
(197 0.5 0.5)
(198 0.5 0.5)
(199 0.5 0.5)
(200 0.5 0.5)
(201 0.5 0.5)
(202 0.5 0.5)
(203 0.5 0.5)
(204 0.5 0.5)
(205 0.5 0.5)
(206 0.5 0.5)
(207 0.5 0.5)
(208 0.5 0.5)
(209 0.5 0.5)
(210 0.5 0.5)
(211 0.5 0.5)
(212 0.5 0.5)
(213 0.5 0.5)
(214 0.5 0.5)
(215 0.5 0.5)
(216 0.5 0.5)
(217 0.5 0.5)
(218 0.5 0.5)
(219 0.5 0.5)
(220 0.5 0.5)
(221 0.5 0.5)
(222 0.5 0.5)
(223 0.5 0.5)
(224 0.5 0.5)
(225 0.5 0.5)
(226 0.5 0.5)
(227 0.5 0.5)
(228 0.5 0.5)
(229 0.5 0.5)
(230 0.5 0.5)
(231 0.5 0.5)
(232 0.5 0.5)
(233 0.5 0.5)
(234 0.5 0.5)
(235 0.5 0.5)
(236 0.5 0.5)
(237 0.5 0.5)
(238 0.5 0.5)
(239 0.5 0.5)
(240 0.5 0.5)
(241 0.5 0.5)
(242 0.5 0.5)
(243 0.5 0.5)
(244 0.5 0.5)
(245 0.5 0.5)
(246 0.5 0.5)
(247 0.5 0.5)
(248 0.5 0.5)
(249 0.5 0.5)
(250 0.5 0.5)
)


// ************************************************************************* //
