/*--------------------------------*- C++ -*----------------------------------*\
| =========                 |                                                 |
| \\      /  F ield         | OpenFOAM: The Open Source CFD Toolbox           |
|  \\    /   O peration     | Version:  v1906                                 |
|   \\  /    A nd           | Web:      www.OpenFOAM.com                      |
|    \\/     M anipulation  |                                                 |
\*---------------------------------------------------------------------------*/
FoamFile
{
    version     2.0;
    format      ascii;
    class       faceList;
    location    "constant/polyMesh";
    object      faces;
}
// * * * * * * * * * * * * * * * * * * * * * * * * * * * * * * * * * * * * * //


1997
(
4(1 202 604 403)
4(2 203 605 404)
4(3 204 606 405)
4(4 205 607 406)
4(5 206 608 407)
4(6 207 609 408)
4(7 208 610 409)
4(8 209 611 410)
4(9 210 612 411)
4(10 211 613 412)
4(11 212 614 413)
4(12 213 615 414)
4(13 214 616 415)
4(14 215 617 416)
4(15 216 618 417)
4(16 217 619 418)
4(17 218 620 419)
4(18 219 621 420)
4(19 220 622 421)
4(20 221 623 422)
4(21 222 624 423)
4(22 223 625 424)
4(23 224 626 425)
4(24 225 627 426)
4(25 226 628 427)
4(26 227 629 428)
4(27 228 630 429)
4(28 229 631 430)
4(29 230 632 431)
4(30 231 633 432)
4(31 232 634 433)
4(32 233 635 434)
4(33 234 636 435)
4(34 235 637 436)
4(35 236 638 437)
4(36 237 639 438)
4(37 238 640 439)
4(38 239 641 440)
4(39 240 642 441)
4(40 241 643 442)
4(41 242 644 443)
4(42 243 645 444)
4(43 244 646 445)
4(44 245 647 446)
4(45 246 648 447)
4(46 247 649 448)
4(47 248 650 449)
4(48 249 651 450)
4(49 250 652 451)
4(50 251 653 452)
4(51 252 654 453)
4(52 253 655 454)
4(53 254 656 455)
4(54 255 657 456)
4(55 256 658 457)
4(56 257 659 458)
4(57 258 660 459)
4(58 259 661 460)
4(59 260 662 461)
4(60 261 663 462)
4(61 262 664 463)
4(62 263 665 464)
4(63 264 666 465)
4(64 265 667 466)
4(65 266 668 467)
4(66 267 669 468)
4(67 268 670 469)
4(68 269 671 470)
4(69 270 672 471)
4(70 271 673 472)
4(71 272 674 473)
4(72 273 675 474)
4(73 274 676 475)
4(74 275 677 476)
4(75 276 678 477)
4(76 277 679 478)
4(77 278 680 479)
4(78 279 681 480)
4(79 280 682 481)
4(80 281 683 482)
4(81 282 684 483)
4(82 283 685 484)
4(83 284 686 485)
4(84 285 687 486)
4(85 286 688 487)
4(86 287 689 488)
4(87 288 690 489)
4(88 289 691 490)
4(89 290 692 491)
4(90 291 693 492)
4(91 292 694 493)
4(92 293 695 494)
4(93 294 696 495)
4(94 295 697 496)
4(95 296 698 497)
4(96 297 699 498)
4(97 298 700 499)
4(98 299 701 500)
4(99 300 702 501)
4(100 301 703 502)
4(101 302 704 503)
4(102 303 705 504)
4(103 304 706 505)
4(104 305 707 506)
4(105 306 708 507)
4(106 307 709 508)
4(107 308 710 509)
4(108 309 711 510)
4(109 310 712 511)
4(110 311 713 512)
4(111 312 714 513)
4(112 313 715 514)
4(113 314 716 515)
4(114 315 717 516)
4(115 316 718 517)
4(116 317 719 518)
4(117 318 720 519)
4(118 319 721 520)
4(119 320 722 521)
4(120 321 723 522)
4(121 322 724 523)
4(122 323 725 524)
4(123 324 726 525)
4(124 325 727 526)
4(125 326 728 527)
4(126 327 729 528)
4(127 328 730 529)
4(128 329 731 530)
4(129 330 732 531)
4(130 331 733 532)
4(131 332 734 533)
4(132 333 735 534)
4(133 334 736 535)
4(134 335 737 536)
4(135 336 738 537)
4(136 337 739 538)
4(137 338 740 539)
4(138 339 741 540)
4(139 340 742 541)
4(140 341 743 542)
4(141 342 744 543)
4(142 343 745 544)
4(143 344 746 545)
4(144 345 747 546)
4(145 346 748 547)
4(146 347 749 548)
4(147 348 750 549)
4(148 349 751 550)
4(149 350 752 551)
4(150 351 753 552)
4(151 352 754 553)
4(152 353 755 554)
4(153 354 756 555)
4(154 355 757 556)
4(155 356 758 557)
4(156 357 759 558)
4(157 358 760 559)
4(158 359 761 560)
4(159 360 762 561)
4(160 361 763 562)
4(161 362 764 563)
4(162 363 765 564)
4(163 364 766 565)
4(164 365 767 566)
4(165 366 768 567)
4(166 367 769 568)
4(167 368 770 569)
4(168 369 771 570)
4(169 370 772 571)
4(170 371 773 572)
4(171 372 774 573)
4(172 373 775 574)
4(173 374 776 575)
4(174 375 777 576)
4(175 376 778 577)
4(176 377 779 578)
4(177 378 780 579)
4(178 379 781 580)
4(179 380 782 581)
4(180 381 783 582)
4(181 382 784 583)
4(182 383 785 584)
4(183 384 786 585)
4(184 385 787 586)
4(185 386 788 587)
4(186 387 789 588)
4(187 388 790 589)
4(188 389 791 590)
4(189 390 792 591)
4(190 391 793 592)
4(191 392 794 593)
4(192 393 795 594)
4(193 394 796 595)
4(194 395 797 596)
4(195 396 798 597)
4(196 397 799 598)
4(197 398 800 599)
4(198 399 801 600)
4(199 400 802 601)
4(805 1005 1405 1205)
4(806 1006 1406 1206)
4(807 1007 1407 1207)
4(808 1008 1408 1208)
4(809 1009 1409 1209)
4(810 1010 1410 1210)
4(811 1011 1411 1211)
4(812 1012 1412 1212)
4(813 1013 1413 1213)
4(814 1014 1414 1214)
4(815 1015 1415 1215)
4(816 1016 1416 1216)
4(817 1017 1417 1217)
4(818 1018 1418 1218)
4(819 1019 1419 1219)
4(820 1020 1420 1220)
4(821 1021 1421 1221)
4(822 1022 1422 1222)
4(823 1023 1423 1223)
4(824 1024 1424 1224)
4(825 1025 1425 1225)
4(826 1026 1426 1226)
4(827 1027 1427 1227)
4(828 1028 1428 1228)
4(829 1029 1429 1229)
4(830 1030 1430 1230)
4(831 1031 1431 1231)
4(832 1032 1432 1232)
4(833 1033 1433 1233)
4(834 1034 1434 1234)
4(835 1035 1435 1235)
4(836 1036 1436 1236)
4(837 1037 1437 1237)
4(838 1038 1438 1238)
4(839 1039 1439 1239)
4(840 1040 1440 1240)
4(841 1041 1441 1241)
4(842 1042 1442 1242)
4(843 1043 1443 1243)
4(844 1044 1444 1244)
4(845 1045 1445 1245)
4(846 1046 1446 1246)
4(847 1047 1447 1247)
4(848 1048 1448 1248)
4(849 1049 1449 1249)
4(850 1050 1450 1250)
4(851 1051 1451 1251)
4(852 1052 1452 1252)
4(853 1053 1453 1253)
4(854 1054 1454 1254)
4(855 1055 1455 1255)
4(856 1056 1456 1256)
4(857 1057 1457 1257)
4(858 1058 1458 1258)
4(859 1059 1459 1259)
4(860 1060 1460 1260)
4(861 1061 1461 1261)
4(862 1062 1462 1262)
4(863 1063 1463 1263)
4(864 1064 1464 1264)
4(865 1065 1465 1265)
4(866 1066 1466 1266)
4(867 1067 1467 1267)
4(868 1068 1468 1268)
4(869 1069 1469 1269)
4(870 1070 1470 1270)
4(871 1071 1471 1271)
4(872 1072 1472 1272)
4(873 1073 1473 1273)
4(874 1074 1474 1274)
4(875 1075 1475 1275)
4(876 1076 1476 1276)
4(877 1077 1477 1277)
4(878 1078 1478 1278)
4(879 1079 1479 1279)
4(880 1080 1480 1280)
4(881 1081 1481 1281)
4(882 1082 1482 1282)
4(883 1083 1483 1283)
4(884 1084 1484 1284)
4(885 1085 1485 1285)
4(886 1086 1486 1286)
4(887 1087 1487 1287)
4(888 1088 1488 1288)
4(889 1089 1489 1289)
4(890 1090 1490 1290)
4(891 1091 1491 1291)
4(892 1092 1492 1292)
4(893 1093 1493 1293)
4(894 1094 1494 1294)
4(895 1095 1495 1295)
4(896 1096 1496 1296)
4(897 1097 1497 1297)
4(898 1098 1498 1298)
4(899 1099 1499 1299)
4(900 1100 1500 1300)
4(901 1101 1501 1301)
4(902 1102 1502 1302)
4(903 1103 1503 1303)
4(904 1104 1504 1304)
4(905 1105 1505 1305)
4(906 1106 1506 1306)
4(907 1107 1507 1307)
4(908 1108 1508 1308)
4(909 1109 1509 1309)
4(910 1110 1510 1310)
4(911 1111 1511 1311)
4(912 1112 1512 1312)
4(913 1113 1513 1313)
4(914 1114 1514 1314)
4(915 1115 1515 1315)
4(916 1116 1516 1316)
4(917 1117 1517 1317)
4(918 1118 1518 1318)
4(919 1119 1519 1319)
4(920 1120 1520 1320)
4(921 1121 1521 1321)
4(922 1122 1522 1322)
4(923 1123 1523 1323)
4(924 1124 1524 1324)
4(925 1125 1525 1325)
4(926 1126 1526 1326)
4(927 1127 1527 1327)
4(928 1128 1528 1328)
4(929 1129 1529 1329)
4(930 1130 1530 1330)
4(931 1131 1531 1331)
4(932 1132 1532 1332)
4(933 1133 1533 1333)
4(934 1134 1534 1334)
4(935 1135 1535 1335)
4(936 1136 1536 1336)
4(937 1137 1537 1337)
4(938 1138 1538 1338)
4(939 1139 1539 1339)
4(940 1140 1540 1340)
4(941 1141 1541 1341)
4(942 1142 1542 1342)
4(943 1143 1543 1343)
4(944 1144 1544 1344)
4(945 1145 1545 1345)
4(946 1146 1546 1346)
4(947 1147 1547 1347)
4(948 1148 1548 1348)
4(949 1149 1549 1349)
4(950 1150 1550 1350)
4(951 1151 1551 1351)
4(952 1152 1552 1352)
4(953 1153 1553 1353)
4(954 1154 1554 1354)
4(955 1155 1555 1355)
4(956 1156 1556 1356)
4(957 1157 1557 1357)
4(958 1158 1558 1358)
4(959 1159 1559 1359)
4(960 1160 1560 1360)
4(961 1161 1561 1361)
4(962 1162 1562 1362)
4(963 1163 1563 1363)
4(964 1164 1564 1364)
4(965 1165 1565 1365)
4(966 1166 1566 1366)
4(967 1167 1567 1367)
4(968 1168 1568 1368)
4(969 1169 1569 1369)
4(970 1170 1570 1370)
4(971 1171 1571 1371)
4(972 1172 1572 1372)
4(973 1173 1573 1373)
4(974 1174 1574 1374)
4(975 1175 1575 1375)
4(976 1176 1576 1376)
4(977 1177 1577 1377)
4(978 1178 1578 1378)
4(979 1179 1579 1379)
4(980 1180 1580 1380)
4(981 1181 1581 1381)
4(982 1182 1582 1382)
4(983 1183 1583 1383)
4(984 1184 1584 1384)
4(985 1185 1585 1385)
4(986 1186 1586 1386)
4(987 1187 1587 1387)
4(988 1188 1588 1388)
4(989 1189 1589 1389)
4(990 1190 1590 1390)
4(991 1191 1591 1391)
4(992 1192 1592 1392)
4(993 1193 1593 1393)
4(994 1194 1594 1394)
4(995 1195 1595 1395)
4(996 1196 1596 1396)
4(997 1197 1597 1397)
4(998 1198 1598 1398)
4(999 1199 1599 1399)
4(1000 1200 1600 1400)
4(1001 1201 1601 1401)
4(1002 1202 1602 1402)
4(804 1204 1404 1004)
4(1003 1203 1603 1403)
4(0 402 603 201)
4(200 401 803 602)
4(201 603 604 202)
4(202 604 605 203)
4(203 605 606 204)
4(204 606 607 205)
4(205 607 608 206)
4(206 608 609 207)
4(207 609 610 208)
4(208 610 611 209)
4(209 611 612 210)
4(210 612 613 211)
4(211 613 614 212)
4(212 614 615 213)
4(213 615 616 214)
4(214 616 617 215)
4(215 617 618 216)
4(216 618 619 217)
4(217 619 620 218)
4(218 620 621 219)
4(219 621 622 220)
4(220 622 623 221)
4(221 623 624 222)
4(222 624 625 223)
4(223 625 626 224)
4(224 626 627 225)
4(225 627 628 226)
4(226 628 629 227)
4(227 629 630 228)
4(228 630 631 229)
4(229 631 632 230)
4(230 632 633 231)
4(231 633 634 232)
4(232 634 635 233)
4(233 635 636 234)
4(234 636 637 235)
4(235 637 638 236)
4(236 638 639 237)
4(237 639 640 238)
4(238 640 641 239)
4(239 641 642 240)
4(240 642 643 241)
4(241 643 644 242)
4(242 644 645 243)
4(243 645 646 244)
4(244 646 647 245)
4(245 647 648 246)
4(246 648 649 247)
4(247 649 650 248)
4(248 650 651 249)
4(249 651 652 250)
4(250 652 653 251)
4(251 653 654 252)
4(252 654 655 253)
4(253 655 656 254)
4(254 656 657 255)
4(255 657 658 256)
4(256 658 659 257)
4(257 659 660 258)
4(258 660 661 259)
4(259 661 662 260)
4(260 662 663 261)
4(261 663 664 262)
4(262 664 665 263)
4(263 665 666 264)
4(264 666 667 265)
4(265 667 668 266)
4(266 668 669 267)
4(267 669 670 268)
4(268 670 671 269)
4(269 671 672 270)
4(270 672 673 271)
4(271 673 674 272)
4(272 674 675 273)
4(273 675 676 274)
4(274 676 677 275)
4(275 677 678 276)
4(276 678 679 277)
4(277 679 680 278)
4(278 680 681 279)
4(279 681 682 280)
4(280 682 683 281)
4(281 683 684 282)
4(282 684 685 283)
4(283 685 686 284)
4(284 686 687 285)
4(285 687 688 286)
4(286 688 689 287)
4(287 689 690 288)
4(288 690 691 289)
4(289 691 692 290)
4(290 692 693 291)
4(291 693 694 292)
4(292 694 695 293)
4(293 695 696 294)
4(294 696 697 295)
4(295 697 698 296)
4(296 698 699 297)
4(297 699 700 298)
4(298 700 701 299)
4(299 701 702 300)
4(300 702 703 301)
4(301 703 704 302)
4(302 704 705 303)
4(303 705 706 304)
4(304 706 707 305)
4(305 707 708 306)
4(306 708 709 307)
4(307 709 710 308)
4(308 710 711 309)
4(309 711 712 310)
4(310 712 713 311)
4(311 713 714 312)
4(312 714 715 313)
4(313 715 716 314)
4(314 716 717 315)
4(315 717 718 316)
4(316 718 719 317)
4(317 719 720 318)
4(318 720 721 319)
4(319 721 722 320)
4(320 722 723 321)
4(321 723 724 322)
4(322 724 725 323)
4(323 725 726 324)
4(324 726 727 325)
4(325 727 728 326)
4(326 728 729 327)
4(327 729 730 328)
4(328 730 731 329)
4(329 731 732 330)
4(330 732 733 331)
4(331 733 734 332)
4(332 734 735 333)
4(333 735 736 334)
4(334 736 737 335)
4(335 737 738 336)
4(336 738 739 337)
4(337 739 740 338)
4(338 740 741 339)
4(339 741 742 340)
4(340 742 743 341)
4(341 743 744 342)
4(342 744 745 343)
4(343 745 746 344)
4(344 746 747 345)
4(345 747 748 346)
4(346 748 749 347)
4(347 749 750 348)
4(348 750 751 349)
4(349 751 752 350)
4(350 752 753 351)
4(351 753 754 352)
4(352 754 755 353)
4(353 755 756 354)
4(354 756 757 355)
4(355 757 758 356)
4(356 758 759 357)
4(357 759 760 358)
4(358 760 761 359)
4(359 761 762 360)
4(360 762 763 361)
4(361 763 764 362)
4(362 764 765 363)
4(363 765 766 364)
4(364 766 767 365)
4(365 767 768 366)
4(366 768 769 367)
4(367 769 770 368)
4(368 770 771 369)
4(369 771 772 370)
4(370 772 773 371)
4(371 773 774 372)
4(372 774 775 373)
4(373 775 776 374)
4(374 776 777 375)
4(375 777 778 376)
4(376 778 779 377)
4(377 779 780 378)
4(378 780 781 379)
4(379 781 782 380)
4(380 782 783 381)
4(381 783 784 382)
4(382 784 785 383)
4(383 785 786 384)
4(384 786 787 385)
4(385 787 788 386)
4(386 788 789 387)
4(387 789 790 388)
4(388 790 791 389)
4(389 791 792 390)
4(390 792 793 391)
4(391 793 794 392)
4(392 794 795 393)
4(393 795 796 394)
4(394 796 797 395)
4(395 797 798 396)
4(396 798 799 397)
4(397 799 800 398)
4(398 800 801 399)
4(399 801 802 400)
4(400 802 803 401)
4(1004 1404 1405 1005)
4(1005 1405 1406 1006)
4(1006 1406 1407 1007)
4(1007 1407 1408 1008)
4(1008 1408 1409 1009)
4(1009 1409 1410 1010)
4(1010 1410 1411 1011)
4(1011 1411 1412 1012)
4(1012 1412 1413 1013)
4(1013 1413 1414 1014)
4(1014 1414 1415 1015)
4(1015 1415 1416 1016)
4(1016 1416 1417 1017)
4(1017 1417 1418 1018)
4(1018 1418 1419 1019)
4(1019 1419 1420 1020)
4(1020 1420 1421 1021)
4(1021 1421 1422 1022)
4(1022 1422 1423 1023)
4(1023 1423 1424 1024)
4(1024 1424 1425 1025)
4(1025 1425 1426 1026)
4(1026 1426 1427 1027)
4(1027 1427 1428 1028)
4(1028 1428 1429 1029)
4(1029 1429 1430 1030)
4(1030 1430 1431 1031)
4(1031 1431 1432 1032)
4(1032 1432 1433 1033)
4(1033 1433 1434 1034)
4(1034 1434 1435 1035)
4(1035 1435 1436 1036)
4(1036 1436 1437 1037)
4(1037 1437 1438 1038)
4(1038 1438 1439 1039)
4(1039 1439 1440 1040)
4(1040 1440 1441 1041)
4(1041 1441 1442 1042)
4(1042 1442 1443 1043)
4(1043 1443 1444 1044)
4(1044 1444 1445 1045)
4(1045 1445 1446 1046)
4(1046 1446 1447 1047)
4(1047 1447 1448 1048)
4(1048 1448 1449 1049)
4(1049 1449 1450 1050)
4(1050 1450 1451 1051)
4(1051 1451 1452 1052)
4(1052 1452 1453 1053)
4(1053 1453 1454 1054)
4(1054 1454 1455 1055)
4(1055 1455 1456 1056)
4(1056 1456 1457 1057)
4(1057 1457 1458 1058)
4(1058 1458 1459 1059)
4(1059 1459 1460 1060)
4(1060 1460 1461 1061)
4(1061 1461 1462 1062)
4(1062 1462 1463 1063)
4(1063 1463 1464 1064)
4(1064 1464 1465 1065)
4(1065 1465 1466 1066)
4(1066 1466 1467 1067)
4(1067 1467 1468 1068)
4(1068 1468 1469 1069)
4(1069 1469 1470 1070)
4(1070 1470 1471 1071)
4(1071 1471 1472 1072)
4(1072 1472 1473 1073)
4(1073 1473 1474 1074)
4(1074 1474 1475 1075)
4(1075 1475 1476 1076)
4(1076 1476 1477 1077)
4(1077 1477 1478 1078)
4(1078 1478 1479 1079)
4(1079 1479 1480 1080)
4(1080 1480 1481 1081)
4(1081 1481 1482 1082)
4(1082 1482 1483 1083)
4(1083 1483 1484 1084)
4(1084 1484 1485 1085)
4(1085 1485 1486 1086)
4(1086 1486 1487 1087)
4(1087 1487 1488 1088)
4(1088 1488 1489 1089)
4(1089 1489 1490 1090)
4(1090 1490 1491 1091)
4(1091 1491 1492 1092)
4(1092 1492 1493 1093)
4(1093 1493 1494 1094)
4(1094 1494 1495 1095)
4(1095 1495 1496 1096)
4(1096 1496 1497 1097)
4(1097 1497 1498 1098)
4(1098 1498 1499 1099)
4(1099 1499 1500 1100)
4(1100 1500 1501 1101)
4(1101 1501 1502 1102)
4(1102 1502 1503 1103)
4(1103 1503 1504 1104)
4(1104 1504 1505 1105)
4(1105 1505 1506 1106)
4(1106 1506 1507 1107)
4(1107 1507 1508 1108)
4(1108 1508 1509 1109)
4(1109 1509 1510 1110)
4(1110 1510 1511 1111)
4(1111 1511 1512 1112)
4(1112 1512 1513 1113)
4(1113 1513 1514 1114)
4(1114 1514 1515 1115)
4(1115 1515 1516 1116)
4(1116 1516 1517 1117)
4(1117 1517 1518 1118)
4(1118 1518 1519 1119)
4(1119 1519 1520 1120)
4(1120 1520 1521 1121)
4(1121 1521 1522 1122)
4(1122 1522 1523 1123)
4(1123 1523 1524 1124)
4(1124 1524 1525 1125)
4(1125 1525 1526 1126)
4(1126 1526 1527 1127)
4(1127 1527 1528 1128)
4(1128 1528 1529 1129)
4(1129 1529 1530 1130)
4(1130 1530 1531 1131)
4(1131 1531 1532 1132)
4(1132 1532 1533 1133)
4(1133 1533 1534 1134)
4(1134 1534 1535 1135)
4(1135 1535 1536 1136)
4(1136 1536 1537 1137)
4(1137 1537 1538 1138)
4(1138 1538 1539 1139)
4(1139 1539 1540 1140)
4(1140 1540 1541 1141)
4(1141 1541 1542 1142)
4(1142 1542 1543 1143)
4(1143 1543 1544 1144)
4(1144 1544 1545 1145)
4(1145 1545 1546 1146)
4(1146 1546 1547 1147)
4(1147 1547 1548 1148)
4(1148 1548 1549 1149)
4(1149 1549 1550 1150)
4(1150 1550 1551 1151)
4(1151 1551 1552 1152)
4(1152 1552 1553 1153)
4(1153 1553 1554 1154)
4(1154 1554 1555 1155)
4(1155 1555 1556 1156)
4(1156 1556 1557 1157)
4(1157 1557 1558 1158)
4(1158 1558 1559 1159)
4(1159 1559 1560 1160)
4(1160 1560 1561 1161)
4(1161 1561 1562 1162)
4(1162 1562 1563 1163)
4(1163 1563 1564 1164)
4(1164 1564 1565 1165)
4(1165 1565 1566 1166)
4(1166 1566 1567 1167)
4(1167 1567 1568 1168)
4(1168 1568 1569 1169)
4(1169 1569 1570 1170)
4(1170 1570 1571 1171)
4(1171 1571 1572 1172)
4(1172 1572 1573 1173)
4(1173 1573 1574 1174)
4(1174 1574 1575 1175)
4(1175 1575 1576 1176)
4(1176 1576 1577 1177)
4(1177 1577 1578 1178)
4(1178 1578 1579 1179)
4(1179 1579 1580 1180)
4(1180 1580 1581 1181)
4(1181 1581 1582 1182)
4(1182 1582 1583 1183)
4(1183 1583 1584 1184)
4(1184 1584 1585 1185)
4(1185 1585 1586 1186)
4(1186 1586 1587 1187)
4(1187 1587 1588 1188)
4(1188 1588 1589 1189)
4(1189 1589 1590 1190)
4(1190 1590 1591 1191)
4(1191 1591 1592 1192)
4(1192 1592 1593 1193)
4(1193 1593 1594 1194)
4(1194 1594 1595 1195)
4(1195 1595 1596 1196)
4(1196 1596 1597 1197)
4(1197 1597 1598 1198)
4(1198 1598 1599 1199)
4(1199 1599 1600 1200)
4(1200 1600 1601 1201)
4(1201 1601 1602 1202)
4(1202 1602 1603 1203)
4(0 1 403 402)
4(1 2 404 403)
4(2 3 405 404)
4(3 4 406 405)
4(4 5 407 406)
4(5 6 408 407)
4(6 7 409 408)
4(7 8 410 409)
4(8 9 411 410)
4(9 10 412 411)
4(10 11 413 412)
4(11 12 414 413)
4(12 13 415 414)
4(13 14 416 415)
4(14 15 417 416)
4(15 16 418 417)
4(16 17 419 418)
4(17 18 420 419)
4(18 19 421 420)
4(19 20 422 421)
4(20 21 423 422)
4(21 22 424 423)
4(22 23 425 424)
4(23 24 426 425)
4(24 25 427 426)
4(25 26 428 427)
4(26 27 429 428)
4(27 28 430 429)
4(28 29 431 430)
4(29 30 432 431)
4(30 31 433 432)
4(31 32 434 433)
4(32 33 435 434)
4(33 34 436 435)
4(34 35 437 436)
4(35 36 438 437)
4(36 37 439 438)
4(37 38 440 439)
4(38 39 441 440)
4(39 40 442 441)
4(40 41 443 442)
4(41 42 444 443)
4(42 43 445 444)
4(43 44 446 445)
4(44 45 447 446)
4(45 46 448 447)
4(46 47 449 448)
4(47 48 450 449)
4(48 49 451 450)
4(49 50 452 451)
4(50 51 453 452)
4(51 52 454 453)
4(52 53 455 454)
4(53 54 456 455)
4(54 55 457 456)
4(55 56 458 457)
4(56 57 459 458)
4(57 58 460 459)
4(58 59 461 460)
4(59 60 462 461)
4(60 61 463 462)
4(61 62 464 463)
4(62 63 465 464)
4(63 64 466 465)
4(64 65 467 466)
4(65 66 468 467)
4(66 67 469 468)
4(67 68 470 469)
4(68 69 471 470)
4(69 70 472 471)
4(70 71 473 472)
4(71 72 474 473)
4(72 73 475 474)
4(73 74 476 475)
4(74 75 477 476)
4(75 76 478 477)
4(76 77 479 478)
4(77 78 480 479)
4(78 79 481 480)
4(79 80 482 481)
4(80 81 483 482)
4(81 82 484 483)
4(82 83 485 484)
4(83 84 486 485)
4(84 85 487 486)
4(85 86 488 487)
4(86 87 489 488)
4(87 88 490 489)
4(88 89 491 490)
4(89 90 492 491)
4(90 91 493 492)
4(91 92 494 493)
4(92 93 495 494)
4(93 94 496 495)
4(94 95 497 496)
4(95 96 498 497)
4(96 97 499 498)
4(97 98 500 499)
4(98 99 501 500)
4(99 100 502 501)
4(100 101 503 502)
4(101 102 504 503)
4(102 103 505 504)
4(103 104 506 505)
4(104 105 507 506)
4(105 106 508 507)
4(106 107 509 508)
4(107 108 510 509)
4(108 109 511 510)
4(109 110 512 511)
4(110 111 513 512)
4(111 112 514 513)
4(112 113 515 514)
4(113 114 516 515)
4(114 115 517 516)
4(115 116 518 517)
4(116 117 519 518)
4(117 118 520 519)
4(118 119 521 520)
4(119 120 522 521)
4(120 121 523 522)
4(121 122 524 523)
4(122 123 525 524)
4(123 124 526 525)
4(124 125 527 526)
4(125 126 528 527)
4(126 127 529 528)
4(127 128 530 529)
4(128 129 531 530)
4(129 130 532 531)
4(130 131 533 532)
4(131 132 534 533)
4(132 133 535 534)
4(133 134 536 535)
4(134 135 537 536)
4(135 136 538 537)
4(136 137 539 538)
4(137 138 540 539)
4(138 139 541 540)
4(139 140 542 541)
4(140 141 543 542)
4(141 142 544 543)
4(142 143 545 544)
4(143 144 546 545)
4(144 145 547 546)
4(145 146 548 547)
4(146 147 549 548)
4(147 148 550 549)
4(148 149 551 550)
4(149 150 552 551)
4(150 151 553 552)
4(151 152 554 553)
4(152 153 555 554)
4(153 154 556 555)
4(154 155 557 556)
4(155 156 558 557)
4(156 157 559 558)
4(157 158 560 559)
4(158 159 561 560)
4(159 160 562 561)
4(160 161 563 562)
4(161 162 564 563)
4(162 163 565 564)
4(163 164 566 565)
4(164 165 567 566)
4(165 166 568 567)
4(166 167 569 568)
4(167 168 570 569)
4(168 169 571 570)
4(169 170 572 571)
4(170 171 573 572)
4(171 172 574 573)
4(172 173 575 574)
4(173 174 576 575)
4(174 175 577 576)
4(175 176 578 577)
4(176 177 579 578)
4(177 178 580 579)
4(178 179 581 580)
4(179 180 582 581)
4(180 181 583 582)
4(181 182 584 583)
4(182 183 585 584)
4(183 184 586 585)
4(184 185 587 586)
4(185 186 588 587)
4(186 187 589 588)
4(187 188 590 589)
4(188 189 591 590)
4(189 190 592 591)
4(190 191 593 592)
4(191 192 594 593)
4(192 193 595 594)
4(193 194 596 595)
4(194 195 597 596)
4(195 196 598 597)
4(196 197 599 598)
4(197 198 600 599)
4(198 199 601 600)
4(199 200 602 601)
4(804 805 1205 1204)
4(805 806 1206 1205)
4(806 807 1207 1206)
4(807 808 1208 1207)
4(808 809 1209 1208)
4(809 810 1210 1209)
4(810 811 1211 1210)
4(811 812 1212 1211)
4(812 813 1213 1212)
4(813 814 1214 1213)
4(814 815 1215 1214)
4(815 816 1216 1215)
4(816 817 1217 1216)
4(817 818 1218 1217)
4(818 819 1219 1218)
4(819 820 1220 1219)
4(820 821 1221 1220)
4(821 822 1222 1221)
4(822 823 1223 1222)
4(823 824 1224 1223)
4(824 825 1225 1224)
4(825 826 1226 1225)
4(826 827 1227 1226)
4(827 828 1228 1227)
4(828 829 1229 1228)
4(829 830 1230 1229)
4(830 831 1231 1230)
4(831 832 1232 1231)
4(832 833 1233 1232)
4(833 834 1234 1233)
4(834 835 1235 1234)
4(835 836 1236 1235)
4(836 837 1237 1236)
4(837 838 1238 1237)
4(838 839 1239 1238)
4(839 840 1240 1239)
4(840 841 1241 1240)
4(841 842 1242 1241)
4(842 843 1243 1242)
4(843 844 1244 1243)
4(844 845 1245 1244)
4(845 846 1246 1245)
4(846 847 1247 1246)
4(847 848 1248 1247)
4(848 849 1249 1248)
4(849 850 1250 1249)
4(850 851 1251 1250)
4(851 852 1252 1251)
4(852 853 1253 1252)
4(853 854 1254 1253)
4(854 855 1255 1254)
4(855 856 1256 1255)
4(856 857 1257 1256)
4(857 858 1258 1257)
4(858 859 1259 1258)
4(859 860 1260 1259)
4(860 861 1261 1260)
4(861 862 1262 1261)
4(862 863 1263 1262)
4(863 864 1264 1263)
4(864 865 1265 1264)
4(865 866 1266 1265)
4(866 867 1267 1266)
4(867 868 1268 1267)
4(868 869 1269 1268)
4(869 870 1270 1269)
4(870 871 1271 1270)
4(871 872 1272 1271)
4(872 873 1273 1272)
4(873 874 1274 1273)
4(874 875 1275 1274)
4(875 876 1276 1275)
4(876 877 1277 1276)
4(877 878 1278 1277)
4(878 879 1279 1278)
4(879 880 1280 1279)
4(880 881 1281 1280)
4(881 882 1282 1281)
4(882 883 1283 1282)
4(883 884 1284 1283)
4(884 885 1285 1284)
4(885 886 1286 1285)
4(886 887 1287 1286)
4(887 888 1288 1287)
4(888 889 1289 1288)
4(889 890 1290 1289)
4(890 891 1291 1290)
4(891 892 1292 1291)
4(892 893 1293 1292)
4(893 894 1294 1293)
4(894 895 1295 1294)
4(895 896 1296 1295)
4(896 897 1297 1296)
4(897 898 1298 1297)
4(898 899 1299 1298)
4(899 900 1300 1299)
4(900 901 1301 1300)
4(901 902 1302 1301)
4(902 903 1303 1302)
4(903 904 1304 1303)
4(904 905 1305 1304)
4(905 906 1306 1305)
4(906 907 1307 1306)
4(907 908 1308 1307)
4(908 909 1309 1308)
4(909 910 1310 1309)
4(910 911 1311 1310)
4(911 912 1312 1311)
4(912 913 1313 1312)
4(913 914 1314 1313)
4(914 915 1315 1314)
4(915 916 1316 1315)
4(916 917 1317 1316)
4(917 918 1318 1317)
4(918 919 1319 1318)
4(919 920 1320 1319)
4(920 921 1321 1320)
4(921 922 1322 1321)
4(922 923 1323 1322)
4(923 924 1324 1323)
4(924 925 1325 1324)
4(925 926 1326 1325)
4(926 927 1327 1326)
4(927 928 1328 1327)
4(928 929 1329 1328)
4(929 930 1330 1329)
4(930 931 1331 1330)
4(931 932 1332 1331)
4(932 933 1333 1332)
4(933 934 1334 1333)
4(934 935 1335 1334)
4(935 936 1336 1335)
4(936 937 1337 1336)
4(937 938 1338 1337)
4(938 939 1339 1338)
4(939 940 1340 1339)
4(940 941 1341 1340)
4(941 942 1342 1341)
4(942 943 1343 1342)
4(943 944 1344 1343)
4(944 945 1345 1344)
4(945 946 1346 1345)
4(946 947 1347 1346)
4(947 948 1348 1347)
4(948 949 1349 1348)
4(949 950 1350 1349)
4(950 951 1351 1350)
4(951 952 1352 1351)
4(952 953 1353 1352)
4(953 954 1354 1353)
4(954 955 1355 1354)
4(955 956 1356 1355)
4(956 957 1357 1356)
4(957 958 1358 1357)
4(958 959 1359 1358)
4(959 960 1360 1359)
4(960 961 1361 1360)
4(961 962 1362 1361)
4(962 963 1363 1362)
4(963 964 1364 1363)
4(964 965 1365 1364)
4(965 966 1366 1365)
4(966 967 1367 1366)
4(967 968 1368 1367)
4(968 969 1369 1368)
4(969 970 1370 1369)
4(970 971 1371 1370)
4(971 972 1372 1371)
4(972 973 1373 1372)
4(973 974 1374 1373)
4(974 975 1375 1374)
4(975 976 1376 1375)
4(976 977 1377 1376)
4(977 978 1378 1377)
4(978 979 1379 1378)
4(979 980 1380 1379)
4(980 981 1381 1380)
4(981 982 1382 1381)
4(982 983 1383 1382)
4(983 984 1384 1383)
4(984 985 1385 1384)
4(985 986 1386 1385)
4(986 987 1387 1386)
4(987 988 1388 1387)
4(988 989 1389 1388)
4(989 990 1390 1389)
4(990 991 1391 1390)
4(991 992 1392 1391)
4(992 993 1393 1392)
4(993 994 1394 1393)
4(994 995 1395 1394)
4(995 996 1396 1395)
4(996 997 1397 1396)
4(997 998 1398 1397)
4(998 999 1399 1398)
4(999 1000 1400 1399)
4(1000 1001 1401 1400)
4(1001 1002 1402 1401)
4(1002 1003 1403 1402)
4(0 201 202 1)
4(1 202 203 2)
4(2 203 204 3)
4(3 204 205 4)
4(4 205 206 5)
4(5 206 207 6)
4(6 207 208 7)
4(7 208 209 8)
4(8 209 210 9)
4(9 210 211 10)
4(10 211 212 11)
4(11 212 213 12)
4(12 213 214 13)
4(13 214 215 14)
4(14 215 216 15)
4(15 216 217 16)
4(16 217 218 17)
4(17 218 219 18)
4(18 219 220 19)
4(19 220 221 20)
4(20 221 222 21)
4(21 222 223 22)
4(22 223 224 23)
4(23 224 225 24)
4(24 225 226 25)
4(25 226 227 26)
4(26 227 228 27)
4(27 228 229 28)
4(28 229 230 29)
4(29 230 231 30)
4(30 231 232 31)
4(31 232 233 32)
4(32 233 234 33)
4(33 234 235 34)
4(34 235 236 35)
4(35 236 237 36)
4(36 237 238 37)
4(37 238 239 38)
4(38 239 240 39)
4(39 240 241 40)
4(40 241 242 41)
4(41 242 243 42)
4(42 243 244 43)
4(43 244 245 44)
4(44 245 246 45)
4(45 246 247 46)
4(46 247 248 47)
4(47 248 249 48)
4(48 249 250 49)
4(49 250 251 50)
4(50 251 252 51)
4(51 252 253 52)
4(52 253 254 53)
4(53 254 255 54)
4(54 255 256 55)
4(55 256 257 56)
4(56 257 258 57)
4(57 258 259 58)
4(58 259 260 59)
4(59 260 261 60)
4(60 261 262 61)
4(61 262 263 62)
4(62 263 264 63)
4(63 264 265 64)
4(64 265 266 65)
4(65 266 267 66)
4(66 267 268 67)
4(67 268 269 68)
4(68 269 270 69)
4(69 270 271 70)
4(70 271 272 71)
4(71 272 273 72)
4(72 273 274 73)
4(73 274 275 74)
4(74 275 276 75)
4(75 276 277 76)
4(76 277 278 77)
4(77 278 279 78)
4(78 279 280 79)
4(79 280 281 80)
4(80 281 282 81)
4(81 282 283 82)
4(82 283 284 83)
4(83 284 285 84)
4(84 285 286 85)
4(85 286 287 86)
4(86 287 288 87)
4(87 288 289 88)
4(88 289 290 89)
4(89 290 291 90)
4(90 291 292 91)
4(91 292 293 92)
4(92 293 294 93)
4(93 294 295 94)
4(94 295 296 95)
4(95 296 297 96)
4(96 297 298 97)
4(97 298 299 98)
4(98 299 300 99)
4(99 300 301 100)
4(100 301 302 101)
4(101 302 303 102)
4(102 303 304 103)
4(103 304 305 104)
4(104 305 306 105)
4(105 306 307 106)
4(106 307 308 107)
4(107 308 309 108)
4(108 309 310 109)
4(109 310 311 110)
4(110 311 312 111)
4(111 312 313 112)
4(112 313 314 113)
4(113 314 315 114)
4(114 315 316 115)
4(115 316 317 116)
4(116 317 318 117)
4(117 318 319 118)
4(118 319 320 119)
4(119 320 321 120)
4(120 321 322 121)
4(121 322 323 122)
4(122 323 324 123)
4(123 324 325 124)
4(124 325 326 125)
4(125 326 327 126)
4(126 327 328 127)
4(127 328 329 128)
4(128 329 330 129)
4(129 330 331 130)
4(130 331 332 131)
4(131 332 333 132)
4(132 333 334 133)
4(133 334 335 134)
4(134 335 336 135)
4(135 336 337 136)
4(136 337 338 137)
4(137 338 339 138)
4(138 339 340 139)
4(139 340 341 140)
4(140 341 342 141)
4(141 342 343 142)
4(142 343 344 143)
4(143 344 345 144)
4(144 345 346 145)
4(145 346 347 146)
4(146 347 348 147)
4(147 348 349 148)
4(148 349 350 149)
4(149 350 351 150)
4(150 351 352 151)
4(151 352 353 152)
4(152 353 354 153)
4(153 354 355 154)
4(154 355 356 155)
4(155 356 357 156)
4(156 357 358 157)
4(157 358 359 158)
4(158 359 360 159)
4(159 360 361 160)
4(160 361 362 161)
4(161 362 363 162)
4(162 363 364 163)
4(163 364 365 164)
4(164 365 366 165)
4(165 366 367 166)
4(166 367 368 167)
4(167 368 369 168)
4(168 369 370 169)
4(169 370 371 170)
4(170 371 372 171)
4(171 372 373 172)
4(172 373 374 173)
4(173 374 375 174)
4(174 375 376 175)
4(175 376 377 176)
4(176 377 378 177)
4(177 378 379 178)
4(178 379 380 179)
4(179 380 381 180)
4(180 381 382 181)
4(181 382 383 182)
4(182 383 384 183)
4(183 384 385 184)
4(184 385 386 185)
4(185 386 387 186)
4(186 387 388 187)
4(187 388 389 188)
4(188 389 390 189)
4(189 390 391 190)
4(190 391 392 191)
4(191 392 393 192)
4(192 393 394 193)
4(193 394 395 194)
4(194 395 396 195)
4(195 396 397 196)
4(196 397 398 197)
4(197 398 399 198)
4(198 399 400 199)
4(199 400 401 200)
4(804 1004 1005 805)
4(805 1005 1006 806)
4(806 1006 1007 807)
4(807 1007 1008 808)
4(808 1008 1009 809)
4(809 1009 1010 810)
4(810 1010 1011 811)
4(811 1011 1012 812)
4(812 1012 1013 813)
4(813 1013 1014 814)
4(814 1014 1015 815)
4(815 1015 1016 816)
4(816 1016 1017 817)
4(817 1017 1018 818)
4(818 1018 1019 819)
4(819 1019 1020 820)
4(820 1020 1021 821)
4(821 1021 1022 822)
4(822 1022 1023 823)
4(823 1023 1024 824)
4(824 1024 1025 825)
4(825 1025 1026 826)
4(826 1026 1027 827)
4(827 1027 1028 828)
4(828 1028 1029 829)
4(829 1029 1030 830)
4(830 1030 1031 831)
4(831 1031 1032 832)
4(832 1032 1033 833)
4(833 1033 1034 834)
4(834 1034 1035 835)
4(835 1035 1036 836)
4(836 1036 1037 837)
4(837 1037 1038 838)
4(838 1038 1039 839)
4(839 1039 1040 840)
4(840 1040 1041 841)
4(841 1041 1042 842)
4(842 1042 1043 843)
4(843 1043 1044 844)
4(844 1044 1045 845)
4(845 1045 1046 846)
4(846 1046 1047 847)
4(847 1047 1048 848)
4(848 1048 1049 849)
4(849 1049 1050 850)
4(850 1050 1051 851)
4(851 1051 1052 852)
4(852 1052 1053 853)
4(853 1053 1054 854)
4(854 1054 1055 855)
4(855 1055 1056 856)
4(856 1056 1057 857)
4(857 1057 1058 858)
4(858 1058 1059 859)
4(859 1059 1060 860)
4(860 1060 1061 861)
4(861 1061 1062 862)
4(862 1062 1063 863)
4(863 1063 1064 864)
4(864 1064 1065 865)
4(865 1065 1066 866)
4(866 1066 1067 867)
4(867 1067 1068 868)
4(868 1068 1069 869)
4(869 1069 1070 870)
4(870 1070 1071 871)
4(871 1071 1072 872)
4(872 1072 1073 873)
4(873 1073 1074 874)
4(874 1074 1075 875)
4(875 1075 1076 876)
4(876 1076 1077 877)
4(877 1077 1078 878)
4(878 1078 1079 879)
4(879 1079 1080 880)
4(880 1080 1081 881)
4(881 1081 1082 882)
4(882 1082 1083 883)
4(883 1083 1084 884)
4(884 1084 1085 885)
4(885 1085 1086 886)
4(886 1086 1087 887)
4(887 1087 1088 888)
4(888 1088 1089 889)
4(889 1089 1090 890)
4(890 1090 1091 891)
4(891 1091 1092 892)
4(892 1092 1093 893)
4(893 1093 1094 894)
4(894 1094 1095 895)
4(895 1095 1096 896)
4(896 1096 1097 897)
4(897 1097 1098 898)
4(898 1098 1099 899)
4(899 1099 1100 900)
4(900 1100 1101 901)
4(901 1101 1102 902)
4(902 1102 1103 903)
4(903 1103 1104 904)
4(904 1104 1105 905)
4(905 1105 1106 906)
4(906 1106 1107 907)
4(907 1107 1108 908)
4(908 1108 1109 909)
4(909 1109 1110 910)
4(910 1110 1111 911)
4(911 1111 1112 912)
4(912 1112 1113 913)
4(913 1113 1114 914)
4(914 1114 1115 915)
4(915 1115 1116 916)
4(916 1116 1117 917)
4(917 1117 1118 918)
4(918 1118 1119 919)
4(919 1119 1120 920)
4(920 1120 1121 921)
4(921 1121 1122 922)
4(922 1122 1123 923)
4(923 1123 1124 924)
4(924 1124 1125 925)
4(925 1125 1126 926)
4(926 1126 1127 927)
4(927 1127 1128 928)
4(928 1128 1129 929)
4(929 1129 1130 930)
4(930 1130 1131 931)
4(931 1131 1132 932)
4(932 1132 1133 933)
4(933 1133 1134 934)
4(934 1134 1135 935)
4(935 1135 1136 936)
4(936 1136 1137 937)
4(937 1137 1138 938)
4(938 1138 1139 939)
4(939 1139 1140 940)
4(940 1140 1141 941)
4(941 1141 1142 942)
4(942 1142 1143 943)
4(943 1143 1144 944)
4(944 1144 1145 945)
4(945 1145 1146 946)
4(946 1146 1147 947)
4(947 1147 1148 948)
4(948 1148 1149 949)
4(949 1149 1150 950)
4(950 1150 1151 951)
4(951 1151 1152 952)
4(952 1152 1153 953)
4(953 1153 1154 954)
4(954 1154 1155 955)
4(955 1155 1156 956)
4(956 1156 1157 957)
4(957 1157 1158 958)
4(958 1158 1159 959)
4(959 1159 1160 960)
4(960 1160 1161 961)
4(961 1161 1162 962)
4(962 1162 1163 963)
4(963 1163 1164 964)
4(964 1164 1165 965)
4(965 1165 1166 966)
4(966 1166 1167 967)
4(967 1167 1168 968)
4(968 1168 1169 969)
4(969 1169 1170 970)
4(970 1170 1171 971)
4(971 1171 1172 972)
4(972 1172 1173 973)
4(973 1173 1174 974)
4(974 1174 1175 975)
4(975 1175 1176 976)
4(976 1176 1177 977)
4(977 1177 1178 978)
4(978 1178 1179 979)
4(979 1179 1180 980)
4(980 1180 1181 981)
4(981 1181 1182 982)
4(982 1182 1183 983)
4(983 1183 1184 984)
4(984 1184 1185 985)
4(985 1185 1186 986)
4(986 1186 1187 987)
4(987 1187 1188 988)
4(988 1188 1189 989)
4(989 1189 1190 990)
4(990 1190 1191 991)
4(991 1191 1192 992)
4(992 1192 1193 993)
4(993 1193 1194 994)
4(994 1194 1195 995)
4(995 1195 1196 996)
4(996 1196 1197 997)
4(997 1197 1198 998)
4(998 1198 1199 999)
4(999 1199 1200 1000)
4(1000 1200 1201 1001)
4(1001 1201 1202 1002)
4(1002 1202 1203 1003)
4(402 403 604 603)
4(403 404 605 604)
4(404 405 606 605)
4(405 406 607 606)
4(406 407 608 607)
4(407 408 609 608)
4(408 409 610 609)
4(409 410 611 610)
4(410 411 612 611)
4(411 412 613 612)
4(412 413 614 613)
4(413 414 615 614)
4(414 415 616 615)
4(415 416 617 616)
4(416 417 618 617)
4(417 418 619 618)
4(418 419 620 619)
4(419 420 621 620)
4(420 421 622 621)
4(421 422 623 622)
4(422 423 624 623)
4(423 424 625 624)
4(424 425 626 625)
4(425 426 627 626)
4(426 427 628 627)
4(427 428 629 628)
4(428 429 630 629)
4(429 430 631 630)
4(430 431 632 631)
4(431 432 633 632)
4(432 433 634 633)
4(433 434 635 634)
4(434 435 636 635)
4(435 436 637 636)
4(436 437 638 637)
4(437 438 639 638)
4(438 439 640 639)
4(439 440 641 640)
4(440 441 642 641)
4(441 442 643 642)
4(442 443 644 643)
4(443 444 645 644)
4(444 445 646 645)
4(445 446 647 646)
4(446 447 648 647)
4(447 448 649 648)
4(448 449 650 649)
4(449 450 651 650)
4(450 451 652 651)
4(451 452 653 652)
4(452 453 654 653)
4(453 454 655 654)
4(454 455 656 655)
4(455 456 657 656)
4(456 457 658 657)
4(457 458 659 658)
4(458 459 660 659)
4(459 460 661 660)
4(460 461 662 661)
4(461 462 663 662)
4(462 463 664 663)
4(463 464 665 664)
4(464 465 666 665)
4(465 466 667 666)
4(466 467 668 667)
4(467 468 669 668)
4(468 469 670 669)
4(469 470 671 670)
4(470 471 672 671)
4(471 472 673 672)
4(472 473 674 673)
4(473 474 675 674)
4(474 475 676 675)
4(475 476 677 676)
4(476 477 678 677)
4(477 478 679 678)
4(478 479 680 679)
4(479 480 681 680)
4(480 481 682 681)
4(481 482 683 682)
4(482 483 684 683)
4(483 484 685 684)
4(484 485 686 685)
4(485 486 687 686)
4(486 487 688 687)
4(487 488 689 688)
4(488 489 690 689)
4(489 490 691 690)
4(490 491 692 691)
4(491 492 693 692)
4(492 493 694 693)
4(493 494 695 694)
4(494 495 696 695)
4(495 496 697 696)
4(496 497 698 697)
4(497 498 699 698)
4(498 499 700 699)
4(499 500 701 700)
4(500 501 702 701)
4(501 502 703 702)
4(502 503 704 703)
4(503 504 705 704)
4(504 505 706 705)
4(505 506 707 706)
4(506 507 708 707)
4(507 508 709 708)
4(508 509 710 709)
4(509 510 711 710)
4(510 511 712 711)
4(511 512 713 712)
4(512 513 714 713)
4(513 514 715 714)
4(514 515 716 715)
4(515 516 717 716)
4(516 517 718 717)
4(517 518 719 718)
4(518 519 720 719)
4(519 520 721 720)
4(520 521 722 721)
4(521 522 723 722)
4(522 523 724 723)
4(523 524 725 724)
4(524 525 726 725)
4(525 526 727 726)
4(526 527 728 727)
4(527 528 729 728)
4(528 529 730 729)
4(529 530 731 730)
4(530 531 732 731)
4(531 532 733 732)
4(532 533 734 733)
4(533 534 735 734)
4(534 535 736 735)
4(535 536 737 736)
4(536 537 738 737)
4(537 538 739 738)
4(538 539 740 739)
4(539 540 741 740)
4(540 541 742 741)
4(541 542 743 742)
4(542 543 744 743)
4(543 544 745 744)
4(544 545 746 745)
4(545 546 747 746)
4(546 547 748 747)
4(547 548 749 748)
4(548 549 750 749)
4(549 550 751 750)
4(550 551 752 751)
4(551 552 753 752)
4(552 553 754 753)
4(553 554 755 754)
4(554 555 756 755)
4(555 556 757 756)
4(556 557 758 757)
4(557 558 759 758)
4(558 559 760 759)
4(559 560 761 760)
4(560 561 762 761)
4(561 562 763 762)
4(562 563 764 763)
4(563 564 765 764)
4(564 565 766 765)
4(565 566 767 766)
4(566 567 768 767)
4(567 568 769 768)
4(568 569 770 769)
4(569 570 771 770)
4(570 571 772 771)
4(571 572 773 772)
4(572 573 774 773)
4(573 574 775 774)
4(574 575 776 775)
4(575 576 777 776)
4(576 577 778 777)
4(577 578 779 778)
4(578 579 780 779)
4(579 580 781 780)
4(580 581 782 781)
4(581 582 783 782)
4(582 583 784 783)
4(583 584 785 784)
4(584 585 786 785)
4(585 586 787 786)
4(586 587 788 787)
4(587 588 789 788)
4(588 589 790 789)
4(589 590 791 790)
4(590 591 792 791)
4(591 592 793 792)
4(592 593 794 793)
4(593 594 795 794)
4(594 595 796 795)
4(595 596 797 796)
4(596 597 798 797)
4(597 598 799 798)
4(598 599 800 799)
4(599 600 801 800)
4(600 601 802 801)
4(601 602 803 802)
4(1204 1205 1405 1404)
4(1205 1206 1406 1405)
4(1206 1207 1407 1406)
4(1207 1208 1408 1407)
4(1208 1209 1409 1408)
4(1209 1210 1410 1409)
4(1210 1211 1411 1410)
4(1211 1212 1412 1411)
4(1212 1213 1413 1412)
4(1213 1214 1414 1413)
4(1214 1215 1415 1414)
4(1215 1216 1416 1415)
4(1216 1217 1417 1416)
4(1217 1218 1418 1417)
4(1218 1219 1419 1418)
4(1219 1220 1420 1419)
4(1220 1221 1421 1420)
4(1221 1222 1422 1421)
4(1222 1223 1423 1422)
4(1223 1224 1424 1423)
4(1224 1225 1425 1424)
4(1225 1226 1426 1425)
4(1226 1227 1427 1426)
4(1227 1228 1428 1427)
4(1228 1229 1429 1428)
4(1229 1230 1430 1429)
4(1230 1231 1431 1430)
4(1231 1232 1432 1431)
4(1232 1233 1433 1432)
4(1233 1234 1434 1433)
4(1234 1235 1435 1434)
4(1235 1236 1436 1435)
4(1236 1237 1437 1436)
4(1237 1238 1438 1437)
4(1238 1239 1439 1438)
4(1239 1240 1440 1439)
4(1240 1241 1441 1440)
4(1241 1242 1442 1441)
4(1242 1243 1443 1442)
4(1243 1244 1444 1443)
4(1244 1245 1445 1444)
4(1245 1246 1446 1445)
4(1246 1247 1447 1446)
4(1247 1248 1448 1447)
4(1248 1249 1449 1448)
4(1249 1250 1450 1449)
4(1250 1251 1451 1450)
4(1251 1252 1452 1451)
4(1252 1253 1453 1452)
4(1253 1254 1454 1453)
4(1254 1255 1455 1454)
4(1255 1256 1456 1455)
4(1256 1257 1457 1456)
4(1257 1258 1458 1457)
4(1258 1259 1459 1458)
4(1259 1260 1460 1459)
4(1260 1261 1461 1460)
4(1261 1262 1462 1461)
4(1262 1263 1463 1462)
4(1263 1264 1464 1463)
4(1264 1265 1465 1464)
4(1265 1266 1466 1465)
4(1266 1267 1467 1466)
4(1267 1268 1468 1467)
4(1268 1269 1469 1468)
4(1269 1270 1470 1469)
4(1270 1271 1471 1470)
4(1271 1272 1472 1471)
4(1272 1273 1473 1472)
4(1273 1274 1474 1473)
4(1274 1275 1475 1474)
4(1275 1276 1476 1475)
4(1276 1277 1477 1476)
4(1277 1278 1478 1477)
4(1278 1279 1479 1478)
4(1279 1280 1480 1479)
4(1280 1281 1481 1480)
4(1281 1282 1482 1481)
4(1282 1283 1483 1482)
4(1283 1284 1484 1483)
4(1284 1285 1485 1484)
4(1285 1286 1486 1485)
4(1286 1287 1487 1486)
4(1287 1288 1488 1487)
4(1288 1289 1489 1488)
4(1289 1290 1490 1489)
4(1290 1291 1491 1490)
4(1291 1292 1492 1491)
4(1292 1293 1493 1492)
4(1293 1294 1494 1493)
4(1294 1295 1495 1494)
4(1295 1296 1496 1495)
4(1296 1297 1497 1496)
4(1297 1298 1498 1497)
4(1298 1299 1499 1498)
4(1299 1300 1500 1499)
4(1300 1301 1501 1500)
4(1301 1302 1502 1501)
4(1302 1303 1503 1502)
4(1303 1304 1504 1503)
4(1304 1305 1505 1504)
4(1305 1306 1506 1505)
4(1306 1307 1507 1506)
4(1307 1308 1508 1507)
4(1308 1309 1509 1508)
4(1309 1310 1510 1509)
4(1310 1311 1511 1510)
4(1311 1312 1512 1511)
4(1312 1313 1513 1512)
4(1313 1314 1514 1513)
4(1314 1315 1515 1514)
4(1315 1316 1516 1515)
4(1316 1317 1517 1516)
4(1317 1318 1518 1517)
4(1318 1319 1519 1518)
4(1319 1320 1520 1519)
4(1320 1321 1521 1520)
4(1321 1322 1522 1521)
4(1322 1323 1523 1522)
4(1323 1324 1524 1523)
4(1324 1325 1525 1524)
4(1325 1326 1526 1525)
4(1326 1327 1527 1526)
4(1327 1328 1528 1527)
4(1328 1329 1529 1528)
4(1329 1330 1530 1529)
4(1330 1331 1531 1530)
4(1331 1332 1532 1531)
4(1332 1333 1533 1532)
4(1333 1334 1534 1533)
4(1334 1335 1535 1534)
4(1335 1336 1536 1535)
4(1336 1337 1537 1536)
4(1337 1338 1538 1537)
4(1338 1339 1539 1538)
4(1339 1340 1540 1539)
4(1340 1341 1541 1540)
4(1341 1342 1542 1541)
4(1342 1343 1543 1542)
4(1343 1344 1544 1543)
4(1344 1345 1545 1544)
4(1345 1346 1546 1545)
4(1346 1347 1547 1546)
4(1347 1348 1548 1547)
4(1348 1349 1549 1548)
4(1349 1350 1550 1549)
4(1350 1351 1551 1550)
4(1351 1352 1552 1551)
4(1352 1353 1553 1552)
4(1353 1354 1554 1553)
4(1354 1355 1555 1554)
4(1355 1356 1556 1555)
4(1356 1357 1557 1556)
4(1357 1358 1558 1557)
4(1358 1359 1559 1558)
4(1359 1360 1560 1559)
4(1360 1361 1561 1560)
4(1361 1362 1562 1561)
4(1362 1363 1563 1562)
4(1363 1364 1564 1563)
4(1364 1365 1565 1564)
4(1365 1366 1566 1565)
4(1366 1367 1567 1566)
4(1367 1368 1568 1567)
4(1368 1369 1569 1568)
4(1369 1370 1570 1569)
4(1370 1371 1571 1570)
4(1371 1372 1572 1571)
4(1372 1373 1573 1572)
4(1373 1374 1574 1573)
4(1374 1375 1575 1574)
4(1375 1376 1576 1575)
4(1376 1377 1577 1576)
4(1377 1378 1578 1577)
4(1378 1379 1579 1578)
4(1379 1380 1580 1579)
4(1380 1381 1581 1580)
4(1381 1382 1582 1581)
4(1382 1383 1583 1582)
4(1383 1384 1584 1583)
4(1384 1385 1585 1584)
4(1385 1386 1586 1585)
4(1386 1387 1587 1586)
4(1387 1388 1588 1587)
4(1388 1389 1589 1588)
4(1389 1390 1590 1589)
4(1390 1391 1591 1590)
4(1391 1392 1592 1591)
4(1392 1393 1593 1592)
4(1393 1394 1594 1593)
4(1394 1395 1595 1594)
4(1395 1396 1596 1595)
4(1396 1397 1597 1596)
4(1397 1398 1598 1597)
4(1398 1399 1599 1598)
4(1399 1400 1600 1599)
4(1400 1401 1601 1600)
4(1401 1402 1602 1601)
4(1402 1403 1603 1602)
)


// ************************************************************************* //
