/*--------------------------------*- C++ -*----------------------------------*\
| =========                 |                                                 |
| \\      /  F ield         | OpenFOAM: The Open Source CFD Toolbox           |
|  \\    /   O peration     | Version:  v1906                                 |
|   \\  /    A nd           | Web:      www.OpenFOAM.com                      |
|    \\/     M anipulation  |                                                 |
\*---------------------------------------------------------------------------*/
FoamFile
{
    version     2.0;
    format      ascii;
    class       vectorField;
    location    "constant/nonLinearZone/polyMesh";
    object      points;
}
// * * * * * * * * * * * * * * * * * * * * * * * * * * * * * * * * * * * * * //


804
(
(-10 -0.5 -0.5)
(-9.9 -0.5 -0.5)
(-9.8 -0.5 -0.5)
(-9.7 -0.5 -0.5)
(-9.6 -0.5 -0.5)
(-9.5 -0.5 -0.5)
(-9.4 -0.5 -0.5)
(-9.3 -0.5 -0.5)
(-9.2 -0.5 -0.5)
(-9.1 -0.5 -0.5)
(-9 -0.5 -0.5)
(-8.9 -0.5 -0.5)
(-8.8 -0.5 -0.5)
(-8.7 -0.5 -0.5)
(-8.6 -0.5 -0.5)
(-8.5 -0.5 -0.5)
(-8.4 -0.5 -0.5)
(-8.3 -0.5 -0.5)
(-8.2 -0.5 -0.5)
(-8.1 -0.5 -0.5)
(-8 -0.5 -0.5)
(-7.9 -0.5 -0.5)
(-7.8 -0.5 -0.5)
(-7.7 -0.5 -0.5)
(-7.6 -0.5 -0.5)
(-7.5 -0.5 -0.5)
(-7.4 -0.5 -0.5)
(-7.3 -0.5 -0.5)
(-7.2 -0.5 -0.5)
(-7.1 -0.5 -0.5)
(-7 -0.5 -0.5)
(-6.9 -0.5 -0.5)
(-6.8 -0.5 -0.5)
(-6.7 -0.5 -0.5)
(-6.6 -0.5 -0.5)
(-6.5 -0.5 -0.5)
(-6.4 -0.5 -0.5)
(-6.3 -0.5 -0.5)
(-6.2 -0.5 -0.5)
(-6.1 -0.5 -0.5)
(-6 -0.5 -0.5)
(-5.9 -0.5 -0.5)
(-5.8 -0.5 -0.5)
(-5.7 -0.5 -0.5)
(-5.6 -0.5 -0.5)
(-5.5 -0.5 -0.5)
(-5.4 -0.5 -0.5)
(-5.3 -0.5 -0.5)
(-5.2 -0.5 -0.5)
(-5.1 -0.5 -0.5)
(-5 -0.5 -0.5)
(-4.9 -0.5 -0.5)
(-4.8 -0.5 -0.5)
(-4.7 -0.5 -0.5)
(-4.6 -0.5 -0.5)
(-4.5 -0.5 -0.5)
(-4.4 -0.5 -0.5)
(-4.3 -0.5 -0.5)
(-4.2 -0.5 -0.5)
(-4.1 -0.5 -0.5)
(-4 -0.5 -0.5)
(-3.9 -0.5 -0.5)
(-3.8 -0.5 -0.5)
(-3.7 -0.5 -0.5)
(-3.6 -0.5 -0.5)
(-3.5 -0.5 -0.5)
(-3.4 -0.5 -0.5)
(-3.3 -0.5 -0.5)
(-3.2 -0.5 -0.5)
(-3.1 -0.5 -0.5)
(-3 -0.5 -0.5)
(-2.9 -0.5 -0.5)
(-2.8 -0.5 -0.5)
(-2.7 -0.5 -0.5)
(-2.6 -0.5 -0.5)
(-2.5 -0.5 -0.5)
(-2.4 -0.5 -0.5)
(-2.3 -0.5 -0.5)
(-2.2 -0.5 -0.5)
(-2.1 -0.5 -0.5)
(-2 -0.5 -0.5)
(-1.9 -0.5 -0.5)
(-1.8 -0.5 -0.5)
(-1.7 -0.5 -0.5)
(-1.6 -0.5 -0.5)
(-1.5 -0.5 -0.5)
(-1.4 -0.5 -0.5)
(-1.3 -0.5 -0.5)
(-1.2 -0.5 -0.5)
(-1.1 -0.5 -0.5)
(-1 -0.5 -0.5)
(-0.9 -0.5 -0.5)
(-0.8 -0.5 -0.5)
(-0.7 -0.5 -0.5)
(-0.6 -0.5 -0.5)
(-0.5 -0.5 -0.5)
(-0.4 -0.5 -0.5)
(-0.3 -0.5 -0.5)
(-0.2 -0.5 -0.5)
(-0.1 -0.5 -0.5)
(0 -0.5 -0.5)
(0.1 -0.5 -0.5)
(0.2 -0.5 -0.5)
(0.3 -0.5 -0.5)
(0.4 -0.5 -0.5)
(0.5 -0.5 -0.5)
(0.6 -0.5 -0.5)
(0.7 -0.5 -0.5)
(0.8 -0.5 -0.5)
(0.9 -0.5 -0.5)
(1 -0.5 -0.5)
(1.1 -0.5 -0.5)
(1.2 -0.5 -0.5)
(1.3 -0.5 -0.5)
(1.4 -0.5 -0.5)
(1.5 -0.5 -0.5)
(1.6 -0.5 -0.5)
(1.7 -0.5 -0.5)
(1.8 -0.5 -0.5)
(1.9 -0.5 -0.5)
(2 -0.5 -0.5)
(2.1 -0.5 -0.5)
(2.2 -0.5 -0.5)
(2.3 -0.5 -0.5)
(2.4 -0.5 -0.5)
(2.5 -0.5 -0.5)
(2.6 -0.5 -0.5)
(2.7 -0.5 -0.5)
(2.8 -0.5 -0.5)
(2.9 -0.5 -0.5)
(3 -0.5 -0.5)
(3.1 -0.5 -0.5)
(3.2 -0.5 -0.5)
(3.3 -0.5 -0.5)
(3.4 -0.5 -0.5)
(3.5 -0.5 -0.5)
(3.6 -0.5 -0.5)
(3.7 -0.5 -0.5)
(3.8 -0.5 -0.5)
(3.9 -0.5 -0.5)
(4 -0.5 -0.5)
(4.1 -0.5 -0.5)
(4.2 -0.5 -0.5)
(4.3 -0.5 -0.5)
(4.4 -0.5 -0.5)
(4.5 -0.5 -0.5)
(4.6 -0.5 -0.5)
(4.7 -0.5 -0.5)
(4.8 -0.5 -0.5)
(4.9 -0.5 -0.5)
(5 -0.5 -0.5)
(5.1 -0.5 -0.5)
(5.2 -0.5 -0.5)
(5.3 -0.5 -0.5)
(5.4 -0.5 -0.5)
(5.5 -0.5 -0.5)
(5.6 -0.5 -0.5)
(5.7 -0.5 -0.5)
(5.8 -0.5 -0.5)
(5.9 -0.5 -0.5)
(6 -0.5 -0.5)
(6.1 -0.5 -0.5)
(6.2 -0.5 -0.5)
(6.3 -0.5 -0.5)
(6.4 -0.5 -0.5)
(6.5 -0.5 -0.5)
(6.6 -0.5 -0.5)
(6.7 -0.5 -0.5)
(6.8 -0.5 -0.5)
(6.9 -0.5 -0.5)
(7 -0.5 -0.5)
(7.1 -0.5 -0.5)
(7.2 -0.5 -0.5)
(7.3 -0.5 -0.5)
(7.4 -0.5 -0.5)
(7.5 -0.5 -0.5)
(7.6 -0.5 -0.5)
(7.7 -0.5 -0.5)
(7.8 -0.5 -0.5)
(7.9 -0.5 -0.5)
(8 -0.5 -0.5)
(8.1 -0.5 -0.5)
(8.2 -0.5 -0.5)
(8.3 -0.5 -0.5)
(8.4 -0.5 -0.5)
(8.5 -0.5 -0.5)
(8.6 -0.5 -0.5)
(8.7 -0.5 -0.5)
(8.8 -0.5 -0.5)
(8.9 -0.5 -0.5)
(9 -0.5 -0.5)
(9.1 -0.5 -0.5)
(9.2 -0.5 -0.5)
(9.3 -0.5 -0.5)
(9.4 -0.5 -0.5)
(9.5 -0.5 -0.5)
(9.6 -0.5 -0.5)
(9.7 -0.5 -0.5)
(9.8 -0.5 -0.5)
(9.9 -0.5 -0.5)
(10 -0.5 -0.5)
(-10 0.5 -0.5)
(-9.9 0.5 -0.5)
(-9.8 0.5 -0.5)
(-9.7 0.5 -0.5)
(-9.6 0.5 -0.5)
(-9.5 0.5 -0.5)
(-9.4 0.5 -0.5)
(-9.3 0.5 -0.5)
(-9.2 0.5 -0.5)
(-9.1 0.5 -0.5)
(-9 0.5 -0.5)
(-8.9 0.5 -0.5)
(-8.8 0.5 -0.5)
(-8.7 0.5 -0.5)
(-8.6 0.5 -0.5)
(-8.5 0.5 -0.5)
(-8.4 0.5 -0.5)
(-8.3 0.5 -0.5)
(-8.2 0.5 -0.5)
(-8.1 0.5 -0.5)
(-8 0.5 -0.5)
(-7.9 0.5 -0.5)
(-7.8 0.5 -0.5)
(-7.7 0.5 -0.5)
(-7.6 0.5 -0.5)
(-7.5 0.5 -0.5)
(-7.4 0.5 -0.5)
(-7.3 0.5 -0.5)
(-7.2 0.5 -0.5)
(-7.1 0.5 -0.5)
(-7 0.5 -0.5)
(-6.9 0.5 -0.5)
(-6.8 0.5 -0.5)
(-6.7 0.5 -0.5)
(-6.6 0.5 -0.5)
(-6.5 0.5 -0.5)
(-6.4 0.5 -0.5)
(-6.3 0.5 -0.5)
(-6.2 0.5 -0.5)
(-6.1 0.5 -0.5)
(-6 0.5 -0.5)
(-5.9 0.5 -0.5)
(-5.8 0.5 -0.5)
(-5.7 0.5 -0.5)
(-5.6 0.5 -0.5)
(-5.5 0.5 -0.5)
(-5.4 0.5 -0.5)
(-5.3 0.5 -0.5)
(-5.2 0.5 -0.5)
(-5.1 0.5 -0.5)
(-5 0.5 -0.5)
(-4.9 0.5 -0.5)
(-4.8 0.5 -0.5)
(-4.7 0.5 -0.5)
(-4.6 0.5 -0.5)
(-4.5 0.5 -0.5)
(-4.4 0.5 -0.5)
(-4.3 0.5 -0.5)
(-4.2 0.5 -0.5)
(-4.1 0.5 -0.5)
(-4 0.5 -0.5)
(-3.9 0.5 -0.5)
(-3.8 0.5 -0.5)
(-3.7 0.5 -0.5)
(-3.6 0.5 -0.5)
(-3.5 0.5 -0.5)
(-3.4 0.5 -0.5)
(-3.3 0.5 -0.5)
(-3.2 0.5 -0.5)
(-3.1 0.5 -0.5)
(-3 0.5 -0.5)
(-2.9 0.5 -0.5)
(-2.8 0.5 -0.5)
(-2.7 0.5 -0.5)
(-2.6 0.5 -0.5)
(-2.5 0.5 -0.5)
(-2.4 0.5 -0.5)
(-2.3 0.5 -0.5)
(-2.2 0.5 -0.5)
(-2.1 0.5 -0.5)
(-2 0.5 -0.5)
(-1.9 0.5 -0.5)
(-1.8 0.5 -0.5)
(-1.7 0.5 -0.5)
(-1.6 0.5 -0.5)
(-1.5 0.5 -0.5)
(-1.4 0.5 -0.5)
(-1.3 0.5 -0.5)
(-1.2 0.5 -0.5)
(-1.1 0.5 -0.5)
(-1 0.5 -0.5)
(-0.9 0.5 -0.5)
(-0.8 0.5 -0.5)
(-0.7 0.5 -0.5)
(-0.6 0.5 -0.5)
(-0.5 0.5 -0.5)
(-0.4 0.5 -0.5)
(-0.3 0.5 -0.5)
(-0.2 0.5 -0.5)
(-0.1 0.5 -0.5)
(0 0.5 -0.5)
(0.1 0.5 -0.5)
(0.2 0.5 -0.5)
(0.3 0.5 -0.5)
(0.4 0.5 -0.5)
(0.5 0.5 -0.5)
(0.6 0.5 -0.5)
(0.7 0.5 -0.5)
(0.8 0.5 -0.5)
(0.9 0.5 -0.5)
(1 0.5 -0.5)
(1.1 0.5 -0.5)
(1.2 0.5 -0.5)
(1.3 0.5 -0.5)
(1.4 0.5 -0.5)
(1.5 0.5 -0.5)
(1.6 0.5 -0.5)
(1.7 0.5 -0.5)
(1.8 0.5 -0.5)
(1.9 0.5 -0.5)
(2 0.5 -0.5)
(2.1 0.5 -0.5)
(2.2 0.5 -0.5)
(2.3 0.5 -0.5)
(2.4 0.5 -0.5)
(2.5 0.5 -0.5)
(2.6 0.5 -0.5)
(2.7 0.5 -0.5)
(2.8 0.5 -0.5)
(2.9 0.5 -0.5)
(3 0.5 -0.5)
(3.1 0.5 -0.5)
(3.2 0.5 -0.5)
(3.3 0.5 -0.5)
(3.4 0.5 -0.5)
(3.5 0.5 -0.5)
(3.6 0.5 -0.5)
(3.7 0.5 -0.5)
(3.8 0.5 -0.5)
(3.9 0.5 -0.5)
(4 0.5 -0.5)
(4.1 0.5 -0.5)
(4.2 0.5 -0.5)
(4.3 0.5 -0.5)
(4.4 0.5 -0.5)
(4.5 0.5 -0.5)
(4.6 0.5 -0.5)
(4.7 0.5 -0.5)
(4.8 0.5 -0.5)
(4.9 0.5 -0.5)
(5 0.5 -0.5)
(5.1 0.5 -0.5)
(5.2 0.5 -0.5)
(5.3 0.5 -0.5)
(5.4 0.5 -0.5)
(5.5 0.5 -0.5)
(5.6 0.5 -0.5)
(5.7 0.5 -0.5)
(5.8 0.5 -0.5)
(5.9 0.5 -0.5)
(6 0.5 -0.5)
(6.1 0.5 -0.5)
(6.2 0.5 -0.5)
(6.3 0.5 -0.5)
(6.4 0.5 -0.5)
(6.5 0.5 -0.5)
(6.6 0.5 -0.5)
(6.7 0.5 -0.5)
(6.8 0.5 -0.5)
(6.9 0.5 -0.5)
(7 0.5 -0.5)
(7.1 0.5 -0.5)
(7.2 0.5 -0.5)
(7.3 0.5 -0.5)
(7.4 0.5 -0.5)
(7.5 0.5 -0.5)
(7.6 0.5 -0.5)
(7.7 0.5 -0.5)
(7.8 0.5 -0.5)
(7.9 0.5 -0.5)
(8 0.5 -0.5)
(8.1 0.5 -0.5)
(8.2 0.5 -0.5)
(8.3 0.5 -0.5)
(8.4 0.5 -0.5)
(8.5 0.5 -0.5)
(8.6 0.5 -0.5)
(8.7 0.5 -0.5)
(8.8 0.5 -0.5)
(8.9 0.5 -0.5)
(9 0.5 -0.5)
(9.1 0.5 -0.5)
(9.2 0.5 -0.5)
(9.3 0.5 -0.5)
(9.4 0.5 -0.5)
(9.5 0.5 -0.5)
(9.6 0.5 -0.5)
(9.7 0.5 -0.5)
(9.8 0.5 -0.5)
(9.9 0.5 -0.5)
(10 0.5 -0.5)
(-10 -0.5 0.5)
(-9.9 -0.5 0.5)
(-9.8 -0.5 0.5)
(-9.7 -0.5 0.5)
(-9.6 -0.5 0.5)
(-9.5 -0.5 0.5)
(-9.4 -0.5 0.5)
(-9.3 -0.5 0.5)
(-9.2 -0.5 0.5)
(-9.1 -0.5 0.5)
(-9 -0.5 0.5)
(-8.9 -0.5 0.5)
(-8.8 -0.5 0.5)
(-8.7 -0.5 0.5)
(-8.6 -0.5 0.5)
(-8.5 -0.5 0.5)
(-8.4 -0.5 0.5)
(-8.3 -0.5 0.5)
(-8.2 -0.5 0.5)
(-8.1 -0.5 0.5)
(-8 -0.5 0.5)
(-7.9 -0.5 0.5)
(-7.8 -0.5 0.5)
(-7.7 -0.5 0.5)
(-7.6 -0.5 0.5)
(-7.5 -0.5 0.5)
(-7.4 -0.5 0.5)
(-7.3 -0.5 0.5)
(-7.2 -0.5 0.5)
(-7.1 -0.5 0.5)
(-7 -0.5 0.5)
(-6.9 -0.5 0.5)
(-6.8 -0.5 0.5)
(-6.7 -0.5 0.5)
(-6.6 -0.5 0.5)
(-6.5 -0.5 0.5)
(-6.4 -0.5 0.5)
(-6.3 -0.5 0.5)
(-6.2 -0.5 0.5)
(-6.1 -0.5 0.5)
(-6 -0.5 0.5)
(-5.9 -0.5 0.5)
(-5.8 -0.5 0.5)
(-5.7 -0.5 0.5)
(-5.6 -0.5 0.5)
(-5.5 -0.5 0.5)
(-5.4 -0.5 0.5)
(-5.3 -0.5 0.5)
(-5.2 -0.5 0.5)
(-5.1 -0.5 0.5)
(-5 -0.5 0.5)
(-4.9 -0.5 0.5)
(-4.8 -0.5 0.5)
(-4.7 -0.5 0.5)
(-4.6 -0.5 0.5)
(-4.5 -0.5 0.5)
(-4.4 -0.5 0.5)
(-4.3 -0.5 0.5)
(-4.2 -0.5 0.5)
(-4.1 -0.5 0.5)
(-4 -0.5 0.5)
(-3.9 -0.5 0.5)
(-3.8 -0.5 0.5)
(-3.7 -0.5 0.5)
(-3.6 -0.5 0.5)
(-3.5 -0.5 0.5)
(-3.4 -0.5 0.5)
(-3.3 -0.5 0.5)
(-3.2 -0.5 0.5)
(-3.1 -0.5 0.5)
(-3 -0.5 0.5)
(-2.9 -0.5 0.5)
(-2.8 -0.5 0.5)
(-2.7 -0.5 0.5)
(-2.6 -0.5 0.5)
(-2.5 -0.5 0.5)
(-2.4 -0.5 0.5)
(-2.3 -0.5 0.5)
(-2.2 -0.5 0.5)
(-2.1 -0.5 0.5)
(-2 -0.5 0.5)
(-1.9 -0.5 0.5)
(-1.8 -0.5 0.5)
(-1.7 -0.5 0.5)
(-1.6 -0.5 0.5)
(-1.5 -0.5 0.5)
(-1.4 -0.5 0.5)
(-1.3 -0.5 0.5)
(-1.2 -0.5 0.5)
(-1.1 -0.5 0.5)
(-1 -0.5 0.5)
(-0.9 -0.5 0.5)
(-0.8 -0.5 0.5)
(-0.7 -0.5 0.5)
(-0.6 -0.5 0.5)
(-0.5 -0.5 0.5)
(-0.4 -0.5 0.5)
(-0.3 -0.5 0.5)
(-0.2 -0.5 0.5)
(-0.1 -0.5 0.5)
(0 -0.5 0.5)
(0.1 -0.5 0.5)
(0.2 -0.5 0.5)
(0.3 -0.5 0.5)
(0.4 -0.5 0.5)
(0.5 -0.5 0.5)
(0.6 -0.5 0.5)
(0.7 -0.5 0.5)
(0.8 -0.5 0.5)
(0.9 -0.5 0.5)
(1 -0.5 0.5)
(1.1 -0.5 0.5)
(1.2 -0.5 0.5)
(1.3 -0.5 0.5)
(1.4 -0.5 0.5)
(1.5 -0.5 0.5)
(1.6 -0.5 0.5)
(1.7 -0.5 0.5)
(1.8 -0.5 0.5)
(1.9 -0.5 0.5)
(2 -0.5 0.5)
(2.1 -0.5 0.5)
(2.2 -0.5 0.5)
(2.3 -0.5 0.5)
(2.4 -0.5 0.5)
(2.5 -0.5 0.5)
(2.6 -0.5 0.5)
(2.7 -0.5 0.5)
(2.8 -0.5 0.5)
(2.9 -0.5 0.5)
(3 -0.5 0.5)
(3.1 -0.5 0.5)
(3.2 -0.5 0.5)
(3.3 -0.5 0.5)
(3.4 -0.5 0.5)
(3.5 -0.5 0.5)
(3.6 -0.5 0.5)
(3.7 -0.5 0.5)
(3.8 -0.5 0.5)
(3.9 -0.5 0.5)
(4 -0.5 0.5)
(4.1 -0.5 0.5)
(4.2 -0.5 0.5)
(4.3 -0.5 0.5)
(4.4 -0.5 0.5)
(4.5 -0.5 0.5)
(4.6 -0.5 0.5)
(4.7 -0.5 0.5)
(4.8 -0.5 0.5)
(4.9 -0.5 0.5)
(5 -0.5 0.5)
(5.1 -0.5 0.5)
(5.2 -0.5 0.5)
(5.3 -0.5 0.5)
(5.4 -0.5 0.5)
(5.5 -0.5 0.5)
(5.6 -0.5 0.5)
(5.7 -0.5 0.5)
(5.8 -0.5 0.5)
(5.9 -0.5 0.5)
(6 -0.5 0.5)
(6.1 -0.5 0.5)
(6.2 -0.5 0.5)
(6.3 -0.5 0.5)
(6.4 -0.5 0.5)
(6.5 -0.5 0.5)
(6.6 -0.5 0.5)
(6.7 -0.5 0.5)
(6.8 -0.5 0.5)
(6.9 -0.5 0.5)
(7 -0.5 0.5)
(7.1 -0.5 0.5)
(7.2 -0.5 0.5)
(7.3 -0.5 0.5)
(7.4 -0.5 0.5)
(7.5 -0.5 0.5)
(7.6 -0.5 0.5)
(7.7 -0.5 0.5)
(7.8 -0.5 0.5)
(7.9 -0.5 0.5)
(8 -0.5 0.5)
(8.1 -0.5 0.5)
(8.2 -0.5 0.5)
(8.3 -0.5 0.5)
(8.4 -0.5 0.5)
(8.5 -0.5 0.5)
(8.6 -0.5 0.5)
(8.7 -0.5 0.5)
(8.8 -0.5 0.5)
(8.9 -0.5 0.5)
(9 -0.5 0.5)
(9.1 -0.5 0.5)
(9.2 -0.5 0.5)
(9.3 -0.5 0.5)
(9.4 -0.5 0.5)
(9.5 -0.5 0.5)
(9.6 -0.5 0.5)
(9.7 -0.5 0.5)
(9.8 -0.5 0.5)
(9.9 -0.5 0.5)
(10 -0.5 0.5)
(-10 0.5 0.5)
(-9.9 0.5 0.5)
(-9.8 0.5 0.5)
(-9.7 0.5 0.5)
(-9.6 0.5 0.5)
(-9.5 0.5 0.5)
(-9.4 0.5 0.5)
(-9.3 0.5 0.5)
(-9.2 0.5 0.5)
(-9.1 0.5 0.5)
(-9 0.5 0.5)
(-8.9 0.5 0.5)
(-8.8 0.5 0.5)
(-8.7 0.5 0.5)
(-8.6 0.5 0.5)
(-8.5 0.5 0.5)
(-8.4 0.5 0.5)
(-8.3 0.5 0.5)
(-8.2 0.5 0.5)
(-8.1 0.5 0.5)
(-8 0.5 0.5)
(-7.9 0.5 0.5)
(-7.8 0.5 0.5)
(-7.7 0.5 0.5)
(-7.6 0.5 0.5)
(-7.5 0.5 0.5)
(-7.4 0.5 0.5)
(-7.3 0.5 0.5)
(-7.2 0.5 0.5)
(-7.1 0.5 0.5)
(-7 0.5 0.5)
(-6.9 0.5 0.5)
(-6.8 0.5 0.5)
(-6.7 0.5 0.5)
(-6.6 0.5 0.5)
(-6.5 0.5 0.5)
(-6.4 0.5 0.5)
(-6.3 0.5 0.5)
(-6.2 0.5 0.5)
(-6.1 0.5 0.5)
(-6 0.5 0.5)
(-5.9 0.5 0.5)
(-5.8 0.5 0.5)
(-5.7 0.5 0.5)
(-5.6 0.5 0.5)
(-5.5 0.5 0.5)
(-5.4 0.5 0.5)
(-5.3 0.5 0.5)
(-5.2 0.5 0.5)
(-5.1 0.5 0.5)
(-5 0.5 0.5)
(-4.9 0.5 0.5)
(-4.8 0.5 0.5)
(-4.7 0.5 0.5)
(-4.6 0.5 0.5)
(-4.5 0.5 0.5)
(-4.4 0.5 0.5)
(-4.3 0.5 0.5)
(-4.2 0.5 0.5)
(-4.1 0.5 0.5)
(-4 0.5 0.5)
(-3.9 0.5 0.5)
(-3.8 0.5 0.5)
(-3.7 0.5 0.5)
(-3.6 0.5 0.5)
(-3.5 0.5 0.5)
(-3.4 0.5 0.5)
(-3.3 0.5 0.5)
(-3.2 0.5 0.5)
(-3.1 0.5 0.5)
(-3 0.5 0.5)
(-2.9 0.5 0.5)
(-2.8 0.5 0.5)
(-2.7 0.5 0.5)
(-2.6 0.5 0.5)
(-2.5 0.5 0.5)
(-2.4 0.5 0.5)
(-2.3 0.5 0.5)
(-2.2 0.5 0.5)
(-2.1 0.5 0.5)
(-2 0.5 0.5)
(-1.9 0.5 0.5)
(-1.8 0.5 0.5)
(-1.7 0.5 0.5)
(-1.6 0.5 0.5)
(-1.5 0.5 0.5)
(-1.4 0.5 0.5)
(-1.3 0.5 0.5)
(-1.2 0.5 0.5)
(-1.1 0.5 0.5)
(-1 0.5 0.5)
(-0.9 0.5 0.5)
(-0.8 0.5 0.5)
(-0.7 0.5 0.5)
(-0.6 0.5 0.5)
(-0.5 0.5 0.5)
(-0.4 0.5 0.5)
(-0.3 0.5 0.5)
(-0.2 0.5 0.5)
(-0.1 0.5 0.5)
(0 0.5 0.5)
(0.1 0.5 0.5)
(0.2 0.5 0.5)
(0.3 0.5 0.5)
(0.4 0.5 0.5)
(0.5 0.5 0.5)
(0.6 0.5 0.5)
(0.7 0.5 0.5)
(0.8 0.5 0.5)
(0.9 0.5 0.5)
(1 0.5 0.5)
(1.1 0.5 0.5)
(1.2 0.5 0.5)
(1.3 0.5 0.5)
(1.4 0.5 0.5)
(1.5 0.5 0.5)
(1.6 0.5 0.5)
(1.7 0.5 0.5)
(1.8 0.5 0.5)
(1.9 0.5 0.5)
(2 0.5 0.5)
(2.1 0.5 0.5)
(2.2 0.5 0.5)
(2.3 0.5 0.5)
(2.4 0.5 0.5)
(2.5 0.5 0.5)
(2.6 0.5 0.5)
(2.7 0.5 0.5)
(2.8 0.5 0.5)
(2.9 0.5 0.5)
(3 0.5 0.5)
(3.1 0.5 0.5)
(3.2 0.5 0.5)
(3.3 0.5 0.5)
(3.4 0.5 0.5)
(3.5 0.5 0.5)
(3.6 0.5 0.5)
(3.7 0.5 0.5)
(3.8 0.5 0.5)
(3.9 0.5 0.5)
(4 0.5 0.5)
(4.1 0.5 0.5)
(4.2 0.5 0.5)
(4.3 0.5 0.5)
(4.4 0.5 0.5)
(4.5 0.5 0.5)
(4.6 0.5 0.5)
(4.7 0.5 0.5)
(4.8 0.5 0.5)
(4.9 0.5 0.5)
(5 0.5 0.5)
(5.1 0.5 0.5)
(5.2 0.5 0.5)
(5.3 0.5 0.5)
(5.4 0.5 0.5)
(5.5 0.5 0.5)
(5.6 0.5 0.5)
(5.7 0.5 0.5)
(5.8 0.5 0.5)
(5.9 0.5 0.5)
(6 0.5 0.5)
(6.1 0.5 0.5)
(6.2 0.5 0.5)
(6.3 0.5 0.5)
(6.4 0.5 0.5)
(6.5 0.5 0.5)
(6.6 0.5 0.5)
(6.7 0.5 0.5)
(6.8 0.5 0.5)
(6.9 0.5 0.5)
(7 0.5 0.5)
(7.1 0.5 0.5)
(7.2 0.5 0.5)
(7.3 0.5 0.5)
(7.4 0.5 0.5)
(7.5 0.5 0.5)
(7.6 0.5 0.5)
(7.7 0.5 0.5)
(7.8 0.5 0.5)
(7.9 0.5 0.5)
(8 0.5 0.5)
(8.1 0.5 0.5)
(8.2 0.5 0.5)
(8.3 0.5 0.5)
(8.4 0.5 0.5)
(8.5 0.5 0.5)
(8.6 0.5 0.5)
(8.7 0.5 0.5)
(8.8 0.5 0.5)
(8.9 0.5 0.5)
(9 0.5 0.5)
(9.1 0.5 0.5)
(9.2 0.5 0.5)
(9.3 0.5 0.5)
(9.4 0.5 0.5)
(9.5 0.5 0.5)
(9.6 0.5 0.5)
(9.7 0.5 0.5)
(9.8 0.5 0.5)
(9.9 0.5 0.5)
(10 0.5 0.5)
)


// ************************************************************************* //
